/* Automatically generated by ssl */

char ssl_title_string[] = "Pascal Compiler 1.1.5 -- Jan 01 '90";
char ssl_runtime_vrs[]  = "RT 2.0 - Variable stack - 08/27/93";

int ssl_code_table[] = {
	15, 9, 16, 5, 23, 1, 12, 9, 2, 12, 25, 13, 1, 24, 9, 0, 
	12, 75, 13, 1, 22, 2, 12, 78, 24, 7, 7528, 4, 52, 9, 0, 12, 
	52, 13, 1, 22, 3, 12, 97, 24, 4, 46, 9, 0, 12, 52, 13, 1, 
	4, 49, 19, 3, 12, 53, 13, 1, 4, 48, 9, 0, 12, 52, 13, 1, 
	4, 51, 2, 27, 2, 0, 22, 4, 12, 9, 4, 12, 25, 13, 1, 24, 
	19, 4, 12, 9, 3, 12, 72, 12, 28, 13, 3, 20, 1, 12, 9, 2, 
	12, 19, 4, 12, 26, 13, 3, 6, 79, 2, 0, 22, 1, 12, 9, 14, 
	12, 9, 6, 12, 72, 12, 7, 7349, 13, 3, 24, 19, 1, 12, 9, 19, 
	12, 20, 3, 12, 26, 13, 3, 19, 1, 12, 80, 13, 1, 2, 12, 2, 
	0, 22, 1, 12, 9, 14, 12, 9, 6, 12, 72, 12, 7, 7349, 13, 3, 
	24, 19, 1, 12, 9, 19, 12, 20, 3, 12, 26, 13, 3, 19, 1, 12, 
	80, 13, 1, 2, 14, 0, 4, 1, 13, 80, 2, 4, 6, 10, 19, 4, 
	12, 7, 277, 13, 1, 0, 4, 1, 54, 11, 9, 0, 12, 75, 13, 1, 
	22, 5, 12, 78, 24, 9, 0, 12, 75, 13, 1, 23, 2, 12, 78, 24, 
	20, 2, 12, 9, 16, 12, 9, 1, 12, 29, 13, 3, 19, 4, 12, 9, 
	6, 12, 20, 2, 12, 26, 13, 3, 77, 9, 15, 12, 7, 918, 13, 1, 
	20, 2, 12, 76, 13, 1, 19, 3, 12, 19, 5, 12, 7, 968, 13, 2, 
	77, 2, 19, 77, 8, 16, 1, 2, 0, 22, 1, 12, 72, 12, 7, 346, 
	13, 1, 24, 19, 1, 12, 9, 0, 12, 64, 13, 2, 10, 28, 17, 1, 
	12, 9, 4, 12, 19, 1, 12, 33, 13, 3, 19, 1, 12, 9, 7, 12, 
	34, 13, 2, 12, 76, 13, 1, 0, 4, 1, 0, 29, 6, 3, 0, 6, 
	1, 12, 4, 0, 3, 1, 63, 2, 4, 8, 16, 2, 9, 10, 12, 117, 
	13, 1, 17, 1, 12, 117, 13, 1, 22, 1, 12, 20, 1, 12, 9, 1, 
	12, 9, 3, 12, 17, 1, 12, 41, 13, 4, 24, 19, 1, 12, 9, 0, 
	12, 64, 13, 2, 10, 6, 19, 1, 8, 0, 4, 1, 0, 7, 22, 2, 
	12, 17, 1, 12, 101, 13, 1, 24, 19, 2, 10, 8, 5, 24, 9, 0, 
	8, 0, 4, 1, 0, 9, 22, 1, 12, 7, 433, 24, 102, 19, 1, 8, 
	8, 16, 1, 2, 55, 2, 0, 22, 1, 12, 9, 5, 12, 25, 13, 1, 
	24, 19, 1, 12, 9, 3, 12, 72, 12, 28, 13, 3, 20, 1, 12, 9, 
	1, 12, 19, 1, 12, 33, 13, 3, 2, 4, 6, 10, 19, 1, 12, 7, 
	277, 13, 1, 0, 4, 1, 54, 11, 2, 56, 9, 0, 12, 75, 13, 1, 
	19, 1, 12, 9, 7, 12, 78, 12, 26, 13, 3, 9, 0, 12, 75, 13, 
	1, 23, 2, 12, 78, 24, 20, 2, 12, 9, 16, 12, 9, 1, 12, 29, 
	13, 3, 19, 1, 12, 9, 11, 12, 20, 2, 12, 26, 13, 3, 77, 19, 
	1, 12, 7, 627, 13, 1, 2, 57, 9, 0, 12, 75, 13, 1, 19, 1, 
	12, 9, 8, 12, 78, 12, 26, 13, 3, 19, 1, 12, 7, 672, 13, 1, 
	6, 13, 19, 1, 12, 9, 1, 12, 7, 682, 13, 2, 0, 14, 1, 58, 
	14, 19, 1, 12, 9, 0, 12, 7, 682, 13, 2, 6, 10, 19, 1, 12, 
	7, 884, 13, 1, 0, 4, 1, 59, 11, 2, 34, 2, 19, 77, 77, 19, 
	1, 8, 8, 16, 0, 6, 26, 7, 2242, 0, 35, 7, 2314, 0, 31, 9, 
	15, 12, 7, 2373, 13, 1, 0, 22, 7, 889, 0, 18, 7, 894, 0, 14, 
	5, 29, 6, 28, 12, 32, 23, 31, 29, 30, 35, 0, 3, 1, 41, 8, 
	16, 0, 9, 15, 12, 7, 918, 13, 1, 8, 16, 5, 22, 1, 12, 97, 
	24, 4, 56, 19, 1, 12, 53, 13, 1, 17, 2, 12, 9, 9, 12, 19, 
	1, 12, 31, 13, 3, 4, 52, 22, 2, 12, 55, 24, 4, 64, 22, 3, 
	12, 17, 2, 12, 9, 7, 12, 34, 13, 2, 24, 22, 4, 12, 19, 3, 
	12, 9, 17, 12, 39, 13, 2, 24, 9, 3000, 12, 117, 13, 1, 19, 3, 
	12, 120, 13, 1, 9, 3001, 12, 117, 13, 1, 19, 4, 12, 54, 13, 1, 
	19, 3, 12, 9, 17, 12, 9, 0, 12, 32, 13, 3, 22, 3, 12, 17, 
	2, 12, 9, 8, 12, 34, 13, 2, 24, 22, 4, 12, 19, 3, 12, 9, 
	17, 12, 39, 13, 2, 24, 19, 4, 12, 54, 13, 1, 19, 3, 12, 9, 
	17, 12, 9, 0, 12, 32, 13, 3, 17, 2, 12, 9, 11, 12, 34, 13, 
	2, 12, 76, 13, 1, 17, 1, 10, 16, 7, 6146, 6, 5, 7, 6146, 0, 
	4, 1, 4, 6, 1, 10, 0, 4, 1, 1, 17, 4, 51, 22, 5, 12, 
	78, 12, 9, 15, 12, 36, 13, 2, 24, 19, 2, 12, 19, 5, 12, 56, 
	13, 2, 77, 8, 16, 0, 5, 16, 8, 16, 0, 5, 16, 8, 16, 0, 
	5, 16, 8, 16, 0, 17, 2, 12, 7, 918, 13, 1, 17, 1, 12, 78, 
	12, 7, 968, 13, 2, 8, 16, 0, 6, 26, 7, 2242, 0, 35, 7, 2314, 
	0, 31, 17, 1, 12, 7, 2373, 13, 1, 0, 22, 7, 1266, 0, 18, 7, 
	1610, 0, 14, 5, 29, 6, 28, 12, 32, 23, 31, 29, 30, 35, 0, 3, 
	1, 41, 7, 965, 8, 16, 0, 8, 16, 5, 4, 56, 17, 2, 12, 53, 
	13, 1, 4, 52, 22, 1, 12, 55, 24, 4, 64, 22, 2, 12, 20, 1, 
	12, 9, 1, 12, 42, 13, 2, 24, 22, 3, 12, 19, 2, 12, 43, 13, 
	1, 24, 19, 3, 12, 40, 13, 1, 10, 44, 0, 50, 0, 46, 4, 46, 
	9, 0, 12, 52, 13, 1, 4, 49, 19, 3, 12, 9, 9, 12, 38, 13, 
	2, 12, 53, 13, 1, 4, 48, 9, 0, 12, 52, 13, 1, 22, 2, 12, 
	44, 13, 1, 0, 7, 2, 0, 41, 1, 47, 11, 1, 68, 22, 4, 12, 
	17, 1, 12, 9, 17, 12, 39, 13, 2, 24, 19, 4, 12, 54, 13, 1, 
	17, 1, 12, 9, 17, 12, 9, 0, 12, 32, 13, 3, 7, 6146, 4, 51, 
	22, 5, 12, 78, 12, 9, 15, 12, 36, 13, 2, 24, 19, 1, 12, 19, 
	5, 12, 56, 13, 2, 8, 16, 0, 6, 17, 17, 1, 12, 9, 25, 12, 
	9, 1, 12, 29, 13, 3, 2, 4, 0, 6, 1, 67, 18, 0, 3, 1, 
	24, 8, 16, 1, 22, 1, 12, 78, 12, 9, 17, 12, 39, 13, 2, 24, 
	19, 1, 12, 9, 0, 12, 68, 13, 2, 10, 19, 22, 1, 12, 98, 24, 
	78, 12, 9, 17, 12, 19, 1, 12, 32, 13, 3, 0, 4, 1, 1, 20, 
	19, 1, 8, 8, 16, 0, 17, 1, 12, 7, 7197, 13, 1, 12, 63, 13, 
	1, 10, 5, 5, 23, 0, 4, 1, 0, 6, 17, 1, 12, 9, 23, 12, 
	9, 1, 12, 29, 13, 3, 6, 23, 6, 16, 2, 2, 17, 1, 12, 9, 
	24, 12, 74, 12, 27, 13, 3, 0, 4, 1, 66, 17, 0, 4, 1, 2, 
	24, 8, 16, 7, 2, 0, 22, 1, 12, 9, 0, 24, 22, 2, 12, 84, 
	24, 19, 2, 12, 40, 13, 1, 10, 120, 22, 2, 12, 9, 10, 12, 9, 
	2, 12, 72, 12, 7, 7349, 13, 3, 24, 19, 2, 12, 9, 20, 12, 97, 
	12, 31, 13, 3, 0, 97, 22, 1, 12, 9, 1, 24, 19, 2, 12, 9, 
	22, 12, 37, 13, 2, 10, 5, 5, 21, 0, 4, 1, 1, 6, 19, 2, 
	12, 9, 23, 12, 37, 13, 2, 10, 5, 5, 21, 0, 4, 1, 1, 6, 
	19, 2, 12, 45, 13, 1, 10, 3, 0, 6, 1, 10, 4, 5, 21, 19, 
	2, 12, 9, 27, 12, 19, 2, 12, 9, 21, 12, 34, 13, 2, 12, 26, 
	13, 3, 19, 2, 12, 9, 21, 12, 9, 0, 12, 26, 13, 3, 0, 7, 
	2, 0, 92, 1, 123, 11, 22, 3, 12, 7, 7185, 24, 22, 4, 12, 19, 
	3, 12, 9, 0, 12, 69, 13, 2, 24, 22, 3, 12, 57, 13, 1, 19, 
	3, 12, 75, 13, 1, 22, 5, 12, 78, 24, 19, 4, 10, 18, 22, 6, 
	12, 20, 4, 12, 7, 7377, 13, 1, 12, 81, 13, 1, 24, 0, 4, 1, 
	1, 19, 7, 2015, 19, 2, 12, 9, 21, 12, 19, 5, 12, 26, 13, 3, 
	77, 2, 4, 19, 1, 10, 11, 19, 2, 12, 79, 13, 1, 0, 9, 0, 
	7, 2, 1, 4, 0, 14, 11, 19, 2, 12, 7, 1126, 13, 1, 6, 12, 
	0, 86, 19, 2, 12, 7, 1204, 13, 1, 0, 77, 2, 65, 11, 64, 15, 
	19, 5, 12, 76, 13, 1, 19, 3, 12, 75, 13, 1, 78, 12, 9, 16, 
	12, 9, 1, 12, 29, 13, 3, 19, 2, 12, 9, 5, 12, 78, 12, 26, 
	13, 3, 22, 7, 12, 19, 2, 12, 9, 20, 12, 38, 13, 2, 24, 9, 
	16, 12, 19, 7, 12, 7, 899, 13, 2, 19, 2, 12, 9, 22, 12, 9, 
	1, 12, 29, 13, 3, 77, 77, 2, 4, 8, 16, 9, 2, 0, 22, 1, 
	12, 9, 0, 24, 22, 2, 12, 84, 24, 19, 2, 12, 40, 13, 1, 10, 
	133, 22, 2, 12, 9, 11, 12, 9, 3, 12, 72, 12, 7, 7349, 13, 3, 
	24, 19, 2, 12, 9, 20, 12, 97, 12, 31, 13, 3, 0, 110, 22, 1, 
	12, 9, 1, 24, 19, 2, 12, 9, 22, 12, 37, 13, 2, 10, 5, 5, 
	21, 0, 4, 1, 1, 6, 19, 2, 12, 45, 13, 1, 10, 3, 0, 6, 
	1, 11, 4, 5, 21, 19, 2, 12, 9, 27, 12, 19, 2, 12, 9, 21, 
	12, 34, 13, 2, 12, 26, 13, 3, 19, 2, 12, 9, 21, 12, 9, 0, 
	12, 26, 13, 3, 19, 2, 12, 9, 28, 12, 19, 2, 12, 9, 19, 12, 
	34, 13, 2, 12, 26, 13, 3, 19, 2, 12, 9, 19, 12, 9, 0, 12, 
	26, 13, 3, 0, 7, 2, 0, 105, 1, 136, 11, 22, 3, 12, 7, 7185, 
	24, 22, 4, 12, 19, 3, 12, 9, 0, 12, 69, 13, 2, 24, 22, 3, 
	12, 57, 13, 1, 19, 3, 12, 75, 13, 1, 22, 5, 12, 78, 24, 19, 
	4, 10, 18, 22, 6, 12, 20, 4, 12, 7, 7377, 13, 1, 12, 81, 13, 
	1, 24, 0, 4, 1, 1, 19, 7, 2015, 19, 2, 12, 9, 21, 12, 19, 
	5, 12, 26, 13, 3, 2, 11, 22, 7, 12, 7, 2603, 13, 1, 19, 2, 
	12, 9, 19, 12, 19, 7, 12, 26, 13, 3, 22, 8, 12, 19, 7, 12, 
	7, 7377, 13, 1, 24, 19, 2, 12, 9, 29, 12, 19, 8, 12, 81, 13, 
	1, 12, 28, 13, 3, 77, 2, 4, 19, 1, 10, 11, 19, 2, 12, 79, 
	13, 1, 0, 9, 0, 7, 2, 1, 4, 0, 14, 11, 19, 2, 12, 7, 
	1126, 13, 1, 6, 12, 0, 86, 19, 2, 12, 7, 1204, 13, 1, 0, 77, 
	2, 65, 11, 64, 15, 19, 5, 12, 76, 13, 1, 19, 3, 12, 75, 13, 
	1, 78, 12, 9, 16, 12, 9, 1, 12, 29, 13, 3, 19, 2, 12, 9, 
	5, 12, 78, 12, 26, 13, 3, 22, 9, 12, 19, 2, 12, 9, 20, 12, 
	38, 13, 2, 24, 9, 16, 12, 19, 9, 12, 7, 899, 13, 2, 19, 2, 
	12, 9, 22, 12, 9, 1, 12, 29, 13, 3, 77, 77, 2, 4, 8, 16, 
	6, 6, 220, 22, 1, 12, 47, 24, 22, 3, 12, 9, 0, 24, 6, 9, 
	22, 3, 12, 9, 1, 24, 0, 4, 1, 32, 10, 2, 0, 22, 2, 12, 
	9, 18, 12, 9, 6, 12, 72, 12, 7, 7349, 13, 3, 24, 19, 2, 12, 
	9, 30, 12, 19, 3, 12, 29, 13, 3, 19, 1, 12, 19, 2, 12, 49, 
	13, 2, 6, 7, 0, 13, 0, 9, 0, 7, 2, 12, 4, 11, 10, 11, 
	1, 54, 22, 4, 12, 7, 2603, 13, 1, 19, 3, 10, 14, 22, 5, 12, 
	19, 4, 12, 7, 7377, 13, 1, 24, 0, 10, 1, 1, 15, 22, 5, 12, 
	19, 4, 24, 22, 6, 12, 9, 0, 24, 19, 6, 12, 19, 1, 12, 50, 
	13, 1, 12, 62, 13, 2, 10, 56, 22, 2, 12, 19, 1, 12, 19, 6, 
	12, 51, 13, 2, 24, 19, 2, 12, 9, 19, 12, 19, 4, 12, 26, 13, 
	3, 19, 2, 12, 79, 13, 1, 19, 2, 12, 9, 20, 12, 19, 5, 12, 
	81, 13, 1, 12, 28, 13, 3, 22, 6, 12, 57, 13, 1, 0, 6, 1, 
	0, 57, 0, 3, 1, 76, 19, 1, 12, 48, 13, 1, 6, 7, 0, 13, 
	0, 9, 0, 7, 2, 4, 4, 14, 10, 11, 1, 216, 0, 4, 1, 13, 
	221, 8, 16, 2, 6, 61, 22, 1, 12, 9, 12, 12, 9, 4, 12, 72, 
	12, 7, 7349, 13, 3, 24, 2, 5, 7, 3077, 22, 2, 12, 110, 24, 111, 
	19, 1, 12, 9, 20, 12, 19, 2, 12, 28, 13, 3, 19, 1, 12, 9, 
	19, 12, 20, 4, 12, 26, 13, 3, 19, 1, 12, 79, 13, 1, 2, 4, 
	0, 6, 1, 0, 62, 0, 3, 1, 68, 8, 16, 2, 6, 48, 22, 1, 
	12, 9, 13, 12, 9, 5, 12, 72, 12, 7, 7349, 13, 3, 24, 2, 5, 
	22, 2, 12, 7, 2603, 13, 1, 19, 1, 12, 9, 19, 12, 19, 2, 12, 
	26, 13, 3, 19, 1, 12, 79, 13, 1, 2, 4, 0, 6, 1, 0, 49, 
	0, 3, 1, 55, 8, 16, 6, 6, 219, 22, 1, 12, 47, 24, 22, 2, 
	12, 17, 1, 12, 9, 6, 12, 72, 12, 7, 7349, 13, 3, 24, 19, 1, 
	12, 19, 2, 12, 49, 13, 2, 6, 5, 2, 0, 0, 6, 1, 12, 6, 
	0, 3, 1, 37, 2, 11, 22, 3, 12, 7, 2603, 13, 1, 22, 4, 12, 
	9, 0, 24, 19, 4, 12, 19, 1, 12, 50, 13, 1, 12, 62, 13, 2, 
	10, 40, 22, 2, 12, 19, 1, 12, 19, 4, 12, 51, 13, 2, 24, 19, 
	2, 12, 9, 19, 12, 19, 3, 12, 26, 13, 3, 19, 2, 12, 80, 13, 
	1, 22, 4, 12, 57, 13, 1, 0, 6, 1, 0, 41, 0, 3, 1, 60, 
	6, 85, 19, 1, 12, 50, 13, 1, 10, 3, 0, 6, 1, 1, 4, 5, 
	22, 22, 5, 12, 7, 1154, 24, 19, 5, 12, 99, 13, 1, 22, 6, 12, 
	9, 0, 24, 7, 7185, 12, 63, 13, 1, 10, 15, 20, 2, 12, 76, 13, 
	1, 22, 6, 12, 9, 1, 24, 0, 4, 1, 1, 16, 19, 2, 12, 7, 
	6504, 13, 1, 7, 3143, 7, 7235, 7, 6298, 19, 6, 10, 4, 77, 0, 4, 
	1, 1, 5, 100, 0, 4, 1, 5, 86, 19, 1, 12, 48, 13, 1, 2, 
	4, 0, 6, 1, 0, 220, 0, 3, 1, 226, 8, 16, 12, 6, 453, 22, 
	1, 12, 83, 24, 19, 1, 12, 45, 13, 1, 10, 16, 17, 1, 12, 19, 
	1, 12, 9, 19, 12, 34, 13, 2, 24, 0, 12, 1, 13, 17, 5, 2, 
	17, 1, 12, 20, 4, 24, 0, 429, 2, 15, 22, 2, 12, 47, 24, 22, 
	3, 12, 9, 28, 12, 25, 13, 1, 24, 19, 3, 12, 9, 32, 12, 20, 
	4, 12, 26, 13, 3, 7, 3077, 19, 3, 12, 9, 34, 12, 110, 12, 28, 
	13, 3, 111, 2, 20, 7, 3077, 19, 3, 12, 9, 35, 12, 110, 12, 28, 
	13, 3, 111, 19, 3, 12, 9, 15, 12, 9, 4, 12, 28, 13, 3, 19, 
	3, 12, 85, 13, 1, 22, 4, 12, 9, 27, 12, 25, 13, 1, 24, 19, 
	4, 12, 9, 33, 12, 19, 3, 12, 26, 13, 3, 19, 2, 12, 19, 4, 
	12, 49, 13, 2, 6, 7, 0, 13, 0, 9, 0, 7, 2, 12, 4, 16, 
	10, 11, 1, 116, 2, 38, 22, 5, 12, 7, 2603, 13, 1, 22, 6, 12, 
	19, 2, 12, 50, 13, 1, 24, 22, 6, 12, 58, 13, 1, 22, 7, 12, 
	19, 2, 12, 19, 6, 12, 51, 13, 2, 24, 19, 7, 12, 9, 32, 12, 
	19, 5, 12, 26, 13, 3, 22, 8, 12, 19, 7, 12, 9, 33, 12, 34, 
	13, 2, 24, 22, 9, 12, 19, 8, 12, 9, 35, 12, 36, 13, 2, 12, 
	19, 8, 12, 9, 34, 12, 36, 13, 2, 12, 60, 13, 2, 24, 22, 9, 
	12, 57, 13, 1, 19, 7, 12, 9, 15, 12, 19, 9, 12, 19, 5, 12, 
	9, 15, 12, 36, 13, 2, 12, 61, 13, 2, 12, 28, 13, 3, 19, 7, 
	12, 85, 13, 1, 22, 5, 12, 19, 7, 24, 19, 6, 12, 63, 13, 1, 
	10, 5, 0, 8, 0, 4, 1, 1, 6, 1, 131, 17, 1, 12, 19, 2, 
	12, 9, 0, 12, 51, 13, 2, 24, 19, 2, 12, 48, 13, 1, 0, 133, 
	22, 10, 12, 7, 2603, 13, 1, 17, 1, 12, 19, 10, 12, 7, 7377, 13, 
	1, 24, 0, 113, 17, 1, 12, 9, 29, 12, 25, 13, 1, 24, 9, -1, 
	12, 75, 13, 1, 9, 17, 12, 7, 2373, 13, 1, 22, 11, 12, 78, 12, 
	9, 15, 12, 36, 13, 2, 24, 19, 11, 12, 63, 13, 1, 10, 5, 5, 
	19, 0, 4, 1, 1, 6, 2, 34, 18, 1, 12, 9, 36, 12, 78, 12, 
	26, 13, 3, 18, 1, 12, 9, 15, 12, 19, 11, 12, 28, 13, 3, 77, 
	18, 1, 12, 85, 13, 1, 0, 29, 2, 38, 22, 12, 12, 7, 2603, 13, 
	1, 0, 18, 5, 37, 13, 36, 99, 17, 121, 35, 419, 0, 462, 7, 3077, 
	2, 20, 7, 3077, 8, 16, 1, 6, 54, 71, 12, 108, 13, 1, 0, 55, 
	22, 1, 12, 83, 24, 19, 1, 12, 45, 13, 1, 10, 16, 19, 1, 12, 
	9, 20, 12, 36, 13, 2, 12, 108, 13, 1, 0, 12, 1, 12, 17, 5, 
	1, 9, 0, 12, 108, 13, 1, 0, 14, 7, 3077, 109, 0, 9, 3, 24, 
	7, 0, 50, 1, 59, 11, 8, 16, 1, 22, 1, 12, 9, 0, 24, 22, 
	1, 12, 7, 3304, 13, 1, 22, 1, 12, 7, 3204, 13, 1, 8, 16, 0, 
	17, 1, 12, 7, 3304, 13, 1, 89, 10, 18, 0, 23, 17, 1, 12, 97, 
	24, 4, 55, 18, 1, 12, 53, 13, 1, 0, 8, 2, 22, 17, 23, 21, 
	5, 8, 87, 8, 16, 1, 89, 10, 61, 22, 1, 12, 97, 24, 4, 15, 
	9, 1, 12, 52, 13, 1, 4, 53, 19, 1, 12, 53, 13, 1, 4, 56, 
	18, 1, 12, 53, 13, 1, 4, 15, 9, 0, 12, 52, 13, 1, 4, 56, 
	19, 1, 12, 53, 13, 1, 87, 20, 5, 12, 86, 13, 1, 17, 1, 12, 
	9, 0, 24, 0, 4, 1, 23, 62, 8, 16, 0, 89, 10, 23, 17, 1, 
	12, 97, 24, 4, 55, 18, 1, 12, 53, 13, 1, 87, 20, 6, 12, 86, 
	13, 1, 0, 4, 1, 22, 24, 8, 16, 0, 17, 1, 12, 7, 3669, 13, 
	1, 6, 337, 17, 1, 12, 7, 3204, 13, 1, 17, 1, 12, 7, 3669, 13, 
	1, 17, 1, 12, 7, 3204, 13, 1, 7, 7235, 89, 10, 13, 4, 38, 0, 
	22, 4, 44, 0, 18, 5, 16, 0, 14, 5, 25, 6, 24, 8, 26, 14, 
	22, 20, 21, 22, 5, 17, 87, 20, 5, 12, 86, 13, 1, 0, 292, 17, 
	1, 12, 7, 3204, 13, 1, 17, 1, 12, 7, 3669, 13, 1, 17, 1, 12, 
	7, 3204, 13, 1, 7, 7235, 89, 10, 13, 4, 39, 0, 22, 4, 45, 0, 
	18, 5, 16, 0, 14, 5, 25, 6, 24, 8, 26, 14, 22, 20, 21, 22, 
	5, 17, 87, 20, 5, 12, 86, 13, 1, 0, 232, 17, 1, 12, 7, 3204, 
	13, 1, 17, 1, 12, 7, 3669, 13, 1, 17, 1, 12, 7, 3204, 13, 1, 
	7, 7235, 89, 10, 9, 4, 41, 0, 16, 5, 16, 0, 12, 4, 25, 6, 
	24, 8, 22, 14, 21, 16, 5, 17, 87, 20, 5, 12, 86, 13, 1, 0, 
	178, 17, 1, 12, 7, 3204, 13, 1, 17, 1, 12, 7, 3669, 13, 1, 17, 
	1, 12, 7, 3204, 13, 1, 7, 7235, 89, 10, 9, 4, 40, 0, 16, 5, 
	16, 0, 12, 4, 25, 6, 24, 8, 22, 14, 21, 16, 5, 17, 87, 20, 
	5, 12, 86, 13, 1, 0, 124, 17, 1, 12, 7, 3204, 13, 1, 17, 1, 
	12, 7, 3669, 13, 1, 17, 1, 12, 7, 3204, 13, 1, 7, 7235, 89, 10, 
	9, 4, 43, 0, 16, 5, 16, 0, 12, 4, 25, 6, 24, 8, 22, 14, 
	21, 16, 5, 17, 87, 20, 5, 12, 86, 13, 1, 0, 70, 17, 1, 12, 
	7, 3204, 13, 1, 17, 1, 12, 7, 3669, 13, 1, 17, 1, 12, 7, 3204, 
	13, 1, 7, 7235, 89, 10, 9, 4, 42, 0, 16, 5, 16, 0, 12, 4, 
	25, 6, 24, 8, 22, 14, 21, 16, 5, 17, 87, 20, 5, 12, 86, 13, 
	1, 0, 16, 6, 10, 56, 9, 112, 8, 168, 7, 224, 6, 286, 5, 348, 
	0, 3, 1, 354, 8, 16, 1, 22, 1, 12, 9, 0, 24, 17, 1, 12, 
	7, 3849, 13, 1, 6, 132, 89, 10, 70, 19, 1, 12, 9, 0, 12, 67, 
	13, 2, 10, 8, 22, 1, 12, 97, 24, 0, 4, 1, 1, 9, 4, 53, 
	19, 1, 12, 53, 13, 1, 0, 46, 17, 1, 12, 7, 3273, 13, 1, 19, 
	1, 12, 9, 0, 12, 67, 13, 2, 10, 8, 22, 1, 12, 97, 24, 0, 
	4, 1, 1, 9, 4, 53, 19, 1, 12, 53, 13, 1, 0, 8, 2, 22, 
	40, 23, 73, 5, 8, 87, 4, 56, 18, 1, 12, 53, 13, 1, 17, 1, 
	12, 9, 0, 24, 17, 1, 12, 7, 3849, 13, 1, 89, 10, 12, 0, 17, 
	17, 1, 12, 7, 3273, 13, 1, 0, 8, 2, 22, 11, 23, 15, 5, 8, 
	87, 20, 6, 12, 86, 13, 1, 0, 6, 1, 52, 133, 0, 3, 1, 139, 
	19, 1, 12, 9, 0, 12, 67, 13, 2, 10, 11, 4, 56, 19, 1, 12, 
	53, 13, 1, 0, 4, 1, 0, 12, 8, 16, 2, 22, 1, 12, 9, 0, 
	24, 17, 1, 12, 7, 3987, 13, 1, 6, 114, 89, 10, 12, 0, 17, 17, 
	1, 12, 7, 3273, 13, 1, 0, 8, 2, 22, 11, 23, 15, 5, 8, 87, 
	19, 1, 12, 9, 0, 12, 67, 13, 2, 10, 28, 22, 1, 12, 97, 24, 
	4, 57, 18, 1, 12, 53, 13, 1, 19, 1, 12, 53, 13, 1, 17, 1, 
	12, 19, 1, 24, 0, 4, 1, 1, 29, 22, 2, 12, 9, 0, 24, 22, 
	2, 12, 7, 3987, 13, 1, 89, 10, 12, 0, 17, 22, 2, 12, 7, 3273, 
	13, 1, 0, 8, 2, 22, 11, 23, 15, 5, 8, 4, 57, 19, 2, 12, 
	53, 13, 1, 19, 1, 12, 53, 13, 1, 0, 6, 1, 51, 115, 0, 3, 
	1, 121, 8, 16, 1, 6, 53, 22, 1, 12, 9, 0, 24, 22, 1, 12, 
	7, 3987, 13, 1, 89, 10, 28, 17, 1, 12, 97, 24, 4, 53, 18, 1, 
	12, 53, 13, 1, 4, 56, 19, 1, 12, 53, 13, 1, 0, 12, 4, 37, 
	0, 8, 2, 22, 6, 23, 31, 5, 8, 0, 11, 1, 53, 54, 17, 1, 
	12, 7, 4054, 13, 1, 8, 16, 0, 17, 1, 12, 7, 4105, 13, 1, 6, 
	31, 7, 7261, 17, 1, 12, 7, 4105, 13, 1, 7, 7275, 4, 34, 0, 23, 
	7, 7261, 17, 1, 12, 7, 4105, 13, 1, 7, 7275, 4, 35, 0, 8, 2, 
	24, 17, 23, 34, 0, 3, 1, 40, 8, 16, 0, 17, 1, 12, 7, 4156, 
	13, 1, 6, 31, 7, 7261, 17, 1, 12, 7, 4156, 13, 1, 7, 7275, 4, 
	31, 0, 23, 7, 7261, 17, 1, 12, 7, 4156, 13, 1, 7, 7275, 4, 32, 
	0, 8, 2, 22, 17, 21, 34, 0, 3, 1, 40, 8, 16, 0, 6, 25, 
	17, 1, 12, 7, 4197, 13, 1, 7, 7275, 0, 26, 17, 1, 12, 7, 4197, 
	13, 1, 7, 7275, 4, 36, 0, 13, 2, 24, 15, 23, 28, 17, 1, 12, 
	7, 4197, 13, 1, 8, 16, 6, 6, 185, 4, 15, 71, 12, 52, 13, 1, 
	20, 4, 12, 86, 13, 1, 0, 189, 17, 1, 12, 7, 3304, 13, 1, 2, 
	14, 0, 178, 22, 1, 12, 74, 12, 112, 13, 1, 24, 4, 16, 19, 1, 
	12, 52, 13, 1, 20, 8, 12, 86, 13, 1, 0, 153, 22, 2, 12, 83, 
	24, 19, 2, 12, 45, 13, 1, 10, 61, 19, 2, 12, 7, 5557, 13, 1, 
	0, 71, 22, 3, 12, 19, 2, 12, 9, 19, 12, 34, 13, 2, 24, 19, 
	3, 12, 86, 13, 1, 89, 10, 12, 4, 15, 19, 2, 12, 7, 7512, 13, 
	1, 0, 8, 2, 22, 13, 21, 15, 5, 16, 0, 29, 19, 2, 12, 7, 
	4405, 13, 1, 0, 20, 5, 18, 11, 16, 13, 15, 15, 12, 59, 11, 70, 
	5, 6, 20, 4, 12, 86, 13, 1, 0, 59, 2, 0, 22, 4, 12, 83, 
	24, 19, 4, 12, 7, 6504, 13, 1, 22, 5, 12, 88, 24, 87, 22, 6, 
	12, 19, 5, 12, 7, 7377, 13, 1, 24, 19, 6, 12, 86, 13, 1, 0, 
	20, 5, 18, 41, 0, 137, 2, 164, 13, 177, 1, 194, 5, 6, 20, 4, 
	12, 86, 13, 1, 8, 16, 2, 22, 1, 12, 17, 1, 12, 9, 19, 12, 
	34, 13, 2, 24, 22, 2, 12, 17, 1, 12, 7, 7217, 13, 1, 24, 19, 
	1, 12, 86, 13, 1, 89, 10, 516, 17, 1, 12, 45, 13, 1, 10, 145, 
	4, 0, 17, 1, 12, 7, 7512, 13, 1, 0, 142, 19, 2, 12, 63, 13, 
	1, 10, 12, 4, 3, 17, 1, 12, 7, 7512, 13, 1, 0, 19, 1, 1, 
	13, 4, 9, 19, 2, 12, 52, 13, 1, 17, 1, 12, 7, 7512, 13, 1, 
	0, 103, 17, 1, 12, 9, 30, 12, 37, 13, 2, 10, 42, 19, 2, 12, 
	63, 13, 1, 10, 12, 4, 8, 17, 1, 12, 7, 7512, 13, 1, 0, 19, 
	1, 1, 13, 4, 14, 19, 2, 12, 52, 13, 1, 17, 1, 12, 7, 7512, 
	13, 1, 4, 22, 0, 41, 1, 1, 43, 19, 2, 12, 63, 13, 1, 10, 
	12, 4, 6, 17, 1, 12, 7, 7512, 13, 1, 0, 19, 1, 1, 13, 4, 
	12, 19, 2, 12, 52, 13, 1, 17, 1, 12, 7, 7512, 13, 1, 0, 9, 
	3, 18, 96, 16, 137, 15, 150, 11, 0, 529, 17, 1, 12, 45, 13, 1, 
	10, 145, 4, 1, 17, 1, 12, 7, 7512, 13, 1, 0, 142, 19, 2, 12, 
	63, 13, 1, 10, 12, 4, 4, 17, 1, 12, 7, 7512, 13, 1, 0, 19, 
	1, 1, 13, 4, 10, 19, 2, 12, 52, 13, 1, 17, 1, 12, 7, 7512, 
	13, 1, 0, 103, 17, 1, 12, 9, 30, 12, 37, 13, 2, 10, 42, 19, 
	2, 12, 63, 13, 1, 10, 12, 4, 8, 17, 1, 12, 7, 7512, 13, 1, 
	0, 19, 1, 1, 13, 4, 14, 19, 2, 12, 52, 13, 1, 17, 1, 12, 
	7, 7512, 13, 1, 4, 23, 0, 41, 1, 1, 43, 19, 2, 12, 63, 13, 
	1, 10, 12, 4, 7, 17, 1, 12, 7, 7512, 13, 1, 0, 19, 1, 1, 
	13, 4, 13, 19, 2, 12, 52, 13, 1, 17, 1, 12, 7, 7512, 13, 1, 
	0, 9, 3, 18, 96, 16, 137, 15, 150, 11, 0, 367, 5, 16, 0, 363, 
	17, 1, 12, 45, 13, 1, 10, 145, 4, 2, 17, 1, 12, 7, 7512, 13, 
	1, 0, 142, 19, 2, 12, 63, 13, 1, 10, 12, 4, 5, 17, 1, 12, 
	7, 7512, 13, 1, 0, 19, 1, 1, 13, 4, 11, 19, 2, 12, 52, 13, 
	1, 17, 1, 12, 7, 7512, 13, 1, 0, 103, 17, 1, 12, 9, 30, 12, 
	37, 13, 2, 10, 42, 19, 2, 12, 63, 13, 1, 10, 12, 4, 8, 17, 
	1, 12, 7, 7512, 13, 1, 0, 19, 1, 1, 13, 4, 14, 19, 2, 12, 
	52, 13, 1, 17, 1, 12, 7, 7512, 13, 1, 4, 24, 0, 41, 1, 1, 
	43, 19, 2, 12, 63, 13, 1, 10, 12, 4, 8, 17, 1, 12, 7, 7512, 
	13, 1, 0, 19, 1, 1, 13, 4, 14, 19, 2, 12, 52, 13, 1, 17, 
	1, 12, 7, 7512, 13, 1, 0, 9, 3, 18, 96, 16, 137, 15, 150, 11, 
	6, 21, 87, 19, 1, 12, 9, 32, 12, 34, 13, 2, 12, 86, 13, 1, 
	7, 5166, 7, 5131, 0, 4, 1, 17, 22, 0, 176, 6, 26, 189, 20, 195, 
	25, 197, 24, 199, 22, 363, 21, 527, 17, 1, 12, 45, 13, 1, 10, 143, 
	4, 16, 17, 1, 12, 7, 7512, 13, 1, 0, 140, 19, 2, 12, 63, 13, 
	1, 10, 12, 4, 17, 17, 1, 12, 7, 7512, 13, 1, 0, 19, 1, 1, 
	13, 4, 20, 19, 2, 12, 52, 13, 1, 17, 1, 12, 7, 7512, 13, 1, 
	0, 101, 17, 1, 12, 9, 30, 12, 37, 13, 2, 10, 40, 19, 2, 12, 
	63, 13, 1, 10, 12, 4, 8, 17, 1, 12, 7, 7512, 13, 1, 0, 19, 
	1, 1, 13, 4, 14, 19, 2, 12, 52, 13, 1, 17, 1, 12, 7, 7512, 
	13, 1, 0, 41, 1, 1, 41, 19, 2, 12, 63, 13, 1, 10, 12, 4, 
	18, 17, 1, 12, 7, 7512, 13, 1, 0, 19, 1, 1, 13, 4, 21, 19, 
	2, 12, 52, 13, 1, 17, 1, 12, 7, 7512, 13, 1, 0, 9, 3, 18, 
	94, 16, 135, 15, 148, 11, 7, 5166, 7, 5131, 8, 16, 0, 89, 10, 17, 
	4, 22, 0, 26, 4, 23, 0, 22, 5, 16, 0, 18, 4, 24, 0, 14, 
	6, 26, 6, 20, 12, 25, 14, 24, 16, 22, 22, 21, 28, 8, 16, 0, 
	6, 13, 7, 5194, 0, 18, 7, 5337, 0, 14, 7, 5435, 0, 10, 3, 17, 
	6, 19, 12, 15, 18, 0, 3, 1, 24, 8, 16, 3, 89, 10, 3, 0, 
	6, 1, 27, 4, 5, 10, 89, 10, 3, 0, 6, 1, 27, 4, 5, 13, 
	22, 1, 12, 88, 12, 9, 33, 12, 34, 13, 2, 12, 7, 7461, 13, 1, 
	24, 22, 2, 12, 88, 12, 9, 32, 12, 34, 13, 2, 24, 87, 19, 2, 
	12, 86, 13, 1, 7, 3143, 7, 7261, 19, 1, 12, 63, 13, 1, 10, 13, 
	4, 15, 19, 1, 12, 52, 13, 1, 4, 35, 0, 4, 1, 0, 14, 22, 
	3, 12, 19, 2, 12, 9, 15, 12, 36, 13, 2, 24, 19, 3, 12, 9, 
	1, 12, 62, 13, 2, 10, 13, 4, 15, 19, 3, 12, 52, 13, 1, 4, 
	31, 0, 4, 1, 0, 14, 4, 33, 6, 7, 0, 13, 0, 9, 0, 7, 
	2, 12, 4, 16, 10, 11, 1, 129, 8, 16, 2, 89, 10, 3, 0, 6, 
	1, 29, 4, 5, 11, 88, 12, 9, 36, 12, 34, 13, 2, 12, 76, 13, 
	1, 2, 0, 22, 1, 12, 83, 24, 19, 1, 12, 45, 13, 1, 10, 3, 
	0, 6, 1, 17, 4, 5, 12, 77, 22, 2, 12, 19, 1, 12, 9, 20, 
	12, 36, 13, 2, 24, 19, 2, 12, 63, 13, 1, 10, 13, 4, 15, 19, 
	2, 12, 52, 13, 1, 4, 33, 0, 4, 1, 0, 14, 87, 19, 1, 12, 
	9, 19, 12, 34, 13, 2, 12, 86, 13, 1, 8, 16, 1, 89, 10, 3, 
	0, 6, 1, 26, 4, 5, 9, 4, 24, 22, 1, 12, 88, 24, 87, 19, 
	1, 12, 9, 32, 12, 34, 13, 2, 12, 86, 13, 1, 8, 16, 0, 7, 
	7235, 8, 16, 2, 22, 2, 12, 17, 1, 12, 9, 24, 12, 35, 13, 2, 
	24, 19, 2, 12, 9, 0, 12, 65, 13, 2, 10, 36, 22, 1, 12, 17, 
	1, 12, 9, 3, 12, 36, 13, 2, 12, 73, 13, 1, 12, 112, 13, 1, 
	24, 0, 19, 22, 1, 12, 19, 2, 12, 112, 13, 1, 24, 0, 7, 2, 
	0, 14, 1, 39, 11, 4, 58, 17, 1, 12, 7, 7512, 13, 1, 19, 1, 
	12, 52, 13, 1, 8, 16, 10, 17, 1, 12, 9, 23, 12, 37, 13, 2, 
	10, 26, 17, 1, 12, 9, 26, 12, 37, 13, 2, 10, 10, 17, 1, 12, 
	7, 5474, 13, 1, 0, 4, 1, 0, 11, 0, 4, 1, 1, 27, 17, 1, 
	12, 9, 26, 12, 9, 1, 12, 29, 13, 3, 22, 1, 12, 17, 1, 12, 
	9, 25, 12, 37, 13, 2, 24, 22, 4, 12, 17, 1, 12, 45, 13, 1, 
	12, 9, 11, 12, 66, 13, 2, 24, 19, 4, 10, 26, 22, 2, 12, 17, 
	1, 12, 9, 19, 12, 34, 13, 2, 24, 22, 3, 12, 19, 2, 12, 81, 
	13, 1, 24, 0, 4, 1, 1, 27, 22, 5, 12, 17, 1, 12, 9, 21, 
	12, 34, 13, 2, 24, 22, 6, 12, 19, 5, 12, 9, 15, 12, 36, 13, 
	2, 24, 19, 1, 10, 21, 4, 47, 19, 6, 12, 52, 13, 1, 0, 17, 
	4, 46, 19, 6, 12, 52, 13, 1, 0, 7, 2, 0, 12, 1, 24, 11, 
	17, 1, 12, 7, 7197, 13, 1, 12, 9, 0, 12, 69, 13, 2, 10, 32, 
	4, 19, 9, 0, 12, 52, 13, 1, 4, 20, 17, 1, 12, 7, 7217, 13, 
	1, 12, 52, 13, 1, 9, 0, 12, 52, 13, 1, 4, 27, 0, 4, 1, 
	1, 33, 22, 7, 12, 19, 5, 12, 9, 14, 12, 42, 13, 2, 24, 22, 
	8, 12, 19, 7, 12, 43, 13, 1, 24, 6, 178, 19, 8, 12, 40, 13, 
	1, 10, 5, 0, 164, 0, 4, 1, 1, 6, 22, 9, 12, 19, 8, 12, 
	9, 20, 12, 36, 13, 2, 24, 4, 19, 19, 9, 12, 52, 13, 1, 19, 
	8, 12, 9, 19, 12, 34, 13, 2, 12, 86, 13, 1, 19, 8, 12, 9, 
	30, 12, 37, 13, 2, 10, 67, 7, 6468, 7, 7235, 4, 27, 0, 65, 7, 
	3143, 7, 5469, 89, 10, 17, 4, 25, 0, 46, 4, 26, 0, 42, 5, 16, 
	0, 38, 4, 27, 0, 34, 6, 26, 6, 20, 12, 25, 14, 24, 16, 22, 
	22, 21, 28, 22, 10, 12, 88, 12, 9, 15, 12, 36, 13, 2, 24, 4, 
	28, 19, 10, 12, 52, 13, 1, 0, 7, 2, 0, 60, 1, 70, 11, 87, 
	22, 7, 12, 44, 13, 1, 22, 8, 12, 19, 7, 12, 43, 13, 1, 24, 
	19, 8, 12, 40, 13, 1, 10, 7, 0, 15, 0, 9, 0, 7, 2, 0, 
	4, 1, 10, 11, 2, 12, 1, 172, 2, 14, 0, 4, 1, 13, 179, 19, 
	8, 12, 40, 13, 1, 10, 5, 5, 15, 0, 4, 1, 0, 6, 19, 4, 
	10, 28, 4, 19, 17, 1, 12, 9, 29, 12, 36, 13, 2, 12, 52, 13, 
	1, 4, 17, 19, 3, 12, 52, 13, 1, 4, 27, 0, 4, 1, 1, 29, 
	19, 1, 10, 23, 4, 50, 17, 1, 12, 7, 7512, 13, 1, 0, 18, 4, 
	49, 17, 1, 12, 7, 7512, 13, 1, 0, 7, 2, 0, 13, 1, 26, 11, 
	19, 4, 10, 67, 19, 2, 12, 86, 13, 1, 89, 10, 35, 4, 3, 19, 
	3, 12, 52, 13, 1, 0, 46, 4, 4, 19, 3, 12, 52, 13, 1, 0, 
	36, 5, 16, 0, 32, 4, 5, 19, 3, 12, 52, 13, 1, 0, 22, 6, 
	26, 12, 20, 18, 25, 20, 24, 22, 22, 34, 21, 46, 4, 17, 19, 3, 
	12, 52, 13, 1, 0, 4, 1, 1, 68, 4, 48, 19, 6, 12, 52, 13, 
	1, 8, 16, 0, 6, 49, 7, 7105, 0, 70, 7, 7112, 0, 66, 7, 7179, 
	0, 62, 7, 7182, 0, 58, 7, 6645, 0, 54, 7, 6965, 0, 50, 7, 6711, 
	0, 46, 7, 6885, 0, 42, 7, 7050, 0, 38, 7, 7018, 0, 34, 7, 7082, 
	0, 30, 7, 6224, 0, 26, 12, 0, 6, 33, 12, 49, 18, 50, 24, 47, 
	30, 42, 36, 46, 42, 39, 48, 63, 54, 62, 60, 61, 66, 60, 72, 8, 
	16, 1, 22, 1, 12, 83, 24, 19, 1, 12, 45, 13, 1, 10, 28, 19, 
	1, 12, 7, 5557, 13, 1, 0, 32, 19, 1, 12, 7, 6280, 13, 1, 0, 
	23, 19, 1, 12, 7, 6354, 13, 1, 0, 14, 5, 11, 11, 18, 22, 16, 
	24, 15, 26, 10, 37, 5, 0, 8, 16, 0, 17, 1, 12, 7, 6504, 13, 
	1, 2, 3, 7, 3143, 7, 7235, 7, 6298, 8, 16, 1, 89, 10, 17, 4, 
	25, 0, 46, 4, 26, 0, 42, 5, 16, 0, 38, 4, 27, 0, 34, 6, 
	26, 6, 20, 12, 25, 14, 24, 16, 22, 22, 21, 28, 22, 1, 12, 88, 
	12, 9, 15, 12, 36, 13, 2, 24, 4, 28, 19, 1, 12, 52, 13, 1, 
	87, 8, 16, 1, 17, 1, 12, 9, 5, 12, 34, 13, 2, 12, 78, 12, 
	46, 13, 2, 10, 5, 5, 20, 0, 4, 1, 0, 6, 4, 8, 17, 1, 
	12, 9, 29, 12, 36, 13, 2, 12, 52, 13, 1, 17, 1, 12, 9, 19, 
	12, 34, 13, 2, 12, 86, 13, 1, 2, 3, 7, 3143, 7, 7235, 89, 10, 
	17, 4, 25, 0, 46, 4, 26, 0, 42, 5, 16, 0, 38, 4, 27, 0, 
	34, 6, 26, 6, 20, 12, 25, 14, 24, 16, 22, 22, 21, 28, 22, 1, 
	12, 88, 12, 9, 15, 12, 36, 13, 2, 24, 4, 28, 19, 1, 12, 52, 
	13, 1, 87, 8, 16, 1, 2, 0, 22, 1, 12, 83, 24, 19, 1, 12, 
	45, 13, 1, 10, 3, 0, 10, 3, 18, 4, 16, 6, 15, 8, 5, 4, 
	19, 1, 12, 7, 6504, 13, 1, 8, 16, 0, 17, 1, 12, 45, 13, 1, 
	10, 59, 4, 16, 17, 1, 12, 7, 7512, 13, 1, 0, 57, 4, 17, 17, 
	1, 12, 7, 7512, 13, 1, 0, 46, 17, 1, 12, 9, 30, 12, 37, 13, 
	2, 10, 12, 4, 8, 17, 1, 12, 7, 7512, 13, 1, 0, 13, 1, 1, 
	13, 4, 18, 17, 1, 12, 7, 7512, 13, 1, 0, 10, 3, 18, 38, 16, 
	51, 15, 64, 5, 4, 17, 1, 12, 9, 19, 12, 34, 13, 2, 12, 86, 
	13, 1, 7, 5166, 8, 16, 0, 17, 1, 12, 7, 6504, 13, 1, 7, 7261, 
	17, 1, 12, 7, 4405, 13, 1, 87, 4, 29, 4, 25, 8, 16, 0, 17, 
	1, 12, 7, 6504, 13, 1, 7, 7261, 17, 1, 12, 7, 4405, 13, 1, 87, 
	4, 30, 4, 25, 8, 16, 2, 22, 1, 12, 9, 0, 24, 22, 1, 12, 
	7, 3166, 13, 1, 2, 40, 7, 6146, 6, 34, 22, 2, 12, 97, 24, 4, 
	53, 19, 2, 12, 53, 13, 1, 4, 56, 19, 1, 12, 53, 13, 1, 7, 
	6146, 4, 56, 19, 2, 12, 53, 13, 1, 0, 12, 1, 41, 35, 4, 56, 
	19, 1, 12, 53, 13, 1, 8, 16, 4, 2, 0, 22, 1, 12, 83, 24, 
	19, 1, 12, 7, 6504, 13, 1, 7, 7261, 2, 3, 7, 3143, 7, 7261, 4, 
	25, 22, 2, 12, 97, 24, 22, 3, 12, 97, 24, 4, 53, 19, 3, 12, 
	53, 13, 1, 22, 4, 12, 97, 24, 4, 56, 19, 4, 12, 53, 13, 1, 
	6, 79, 19, 1, 12, 7, 6597, 13, 1, 4, 56, 19, 3, 12, 53, 13, 
	1, 19, 1, 12, 7, 4405, 13, 1, 87, 7, 3143, 7, 7261, 4, 40, 4, 
	54, 19, 2, 12, 53, 13, 1, 0, 46, 19, 1, 12, 7, 6621, 13, 1, 
	4, 56, 19, 3, 12, 53, 13, 1, 19, 1, 12, 7, 4405, 13, 1, 87, 
	7, 3143, 7, 7261, 4, 41, 4, 54, 19, 2, 12, 53, 13, 1, 0, 7, 
	2, 44, 41, 43, 82, 11, 19, 4, 12, 19, 2, 12, 113, 13, 2, 2, 
	45, 7, 6146, 4, 53, 19, 4, 12, 53, 13, 1, 4, 56, 19, 2, 12, 
	53, 13, 1, 116, 8, 16, 3, 22, 1, 12, 97, 24, 4, 56, 19, 1, 
	12, 53, 13, 1, 22, 2, 12, 97, 24, 19, 1, 12, 19, 2, 12, 113, 
	13, 2, 7, 6146, 6, 30, 7, 6146, 0, 32, 22, 3, 12, 7, 3166, 13, 
	1, 4, 57, 19, 3, 12, 53, 13, 1, 19, 1, 12, 53, 13, 1, 0, 
	11, 0, 7, 2, 48, 27, 4, 33, 11, 1, 38, 4, 56, 19, 2, 12, 
	53, 13, 1, 116, 8, 16, 2, 22, 1, 12, 97, 24, 4, 56, 19, 1, 
	12, 53, 13, 1, 22, 2, 12, 7, 3166, 13, 1, 19, 1, 12, 19, 2, 
	12, 113, 13, 2, 2, 45, 7, 6146, 4, 53, 19, 1, 12, 53, 13, 1, 
	4, 56, 19, 2, 12, 53, 13, 1, 116, 8, 16, 0, 114, 12, 9, 0, 
	12, 67, 13, 2, 10, 14, 5, 18, 0, 16, 4, 53, 114, 12, 53, 13, 
	1, 0, 7, 2, 0, 11, 1, 17, 11, 8, 16, 0, 115, 12, 9, 0, 
	12, 67, 13, 2, 10, 14, 5, 18, 0, 16, 4, 53, 115, 12, 53, 13, 
	1, 0, 7, 2, 0, 11, 1, 17, 11, 8, 16, 0, 7, 6146, 6, 9, 
	7, 6146, 0, 11, 0, 11, 0, 7, 2, 34, 6, 4, 12, 11, 1, 17, 
	8, 16, 0, 7, 7112, 4, 63, 8, 16, 0, 6, 60, 7, 3143, 89, 10, 
	21, 4, 59, 0, 32, 4, 60, 0, 28, 4, 61, 0, 24, 5, 16, 0, 
	20, 4, 62, 0, 16, 6, 26, 6, 20, 12, 24, 14, 25, 20, 22, 26, 
	21, 32, 5, 17, 87, 6, 7, 0, 13, 0, 9, 0, 7, 2, 12, 4, 
	14, 10, 11, 1, 56, 0, 4, 1, 13, 61, 8, 16, 0, 8, 16, 0, 
	8, 16, 0, 78, 12, 9, 13, 12, 36, 13, 2, 8, 8, 16, 0, 17, 
	1, 12, 9, 18, 12, 34, 13, 2, 12, 9, 13, 12, 36, 13, 2, 8, 
	8, 16, 0, 7, 7185, 12, 17, 1, 12, 7, 7197, 13, 1, 12, 60, 13, 
	2, 8, 8, 16, 1, 22, 1, 12, 89, 24, 87, 19, 1, 12, 89, 12, 
	66, 13, 2, 10, 5, 5, 14, 0, 4, 1, 0, 6, 8, 16, 0, 89, 
	10, 3, 0, 6, 1, 21, 4, 5, 7, 87, 8, 16, 0, 89, 10, 3, 
	0, 6, 1, 21, 4, 5, 7, 8, 16, 0, 89, 10, 3, 0, 6, 1, 
	22, 4, 5, 8, 87, 8, 16, 0, 89, 10, 3, 0, 6, 1, 22, 4, 
	5, 8, 8, 16, 1, 22, 1, 12, 17, 2, 12, 25, 13, 1, 24, 19, 
	1, 12, 9, 15, 12, 17, 1, 12, 28, 13, 3, 19, 1, 12, 85, 13, 
	1, 19, 1, 8, 8, 16, 1, 22, 1, 12, 17, 3, 12, 25, 13, 1, 
	24, 19, 1, 12, 9, 3, 12, 17, 1, 12, 28, 13, 3, 19, 1, 8, 
	8, 16, 1, 22, 1, 12, 17, 1, 12, 9, 31, 12, 34, 13, 2, 24, 
	19, 1, 12, 40, 13, 1, 10, 55, 22, 1, 12, 9, 26, 12, 25, 13, 
	1, 24, 19, 1, 12, 9, 32, 12, 17, 1, 12, 26, 13, 3, 19, 1, 
	12, 9, 15, 12, 9, 8, 12, 28, 13, 3, 19, 1, 12, 85, 13, 1, 
	17, 1, 12, 9, 31, 12, 19, 1, 12, 26, 13, 3, 0, 4, 1, 1, 
	56, 19, 1, 8, 8, 16, 0, 17, 1, 12, 45, 13, 1, 10, 27, 70, 
	8, 0, 37, 9, 0, 8, 0, 32, 9, 0, 8, 0, 27, 17, 1, 12, 
	9, 34, 12, 36, 13, 2, 8, 0, 15, 4, 28, 14, 24, 21, 22, 28, 
	21, 34, 5, 3, 9, 0, 8, 8, 16, 0, 17, 1, 12, 9, 20, 12, 
	36, 13, 2, 12, 52, 13, 1, 8, 16, 1, 23, 3, 12, 9, 20, 12, 
	9, 4, 12, 7, 7315, 13, 2, 24, 23, 4, 12, 9, 21, 12, 9, 4, 
	12, 7, 7315, 13, 2, 24, 23, 5, 12, 9, 22, 12, 9, 1, 12, 7, 
	7315, 13, 2, 24, 23, 6, 12, 9, 23, 12, 9, 1, 12, 7, 7315, 13, 
	2, 24, 23, 7, 12, 9, 24, 12, 9, 1, 12, 7, 7315, 13, 2, 24, 
	23, 8, 12, 9, 25, 12, 9, 256, 12, 7, 7315, 13, 2, 24, 22, 1, 
	12, 9, 13, 12, 9, 5, 12, 90, 12, 7, 7349, 13, 3, 24, 19, 1, 
	12, 9, 19, 12, 20, 3, 12, 26, 13, 3, 19, 1, 12, 79, 13, 1, 
	22, 1, 12, 9, 13, 12, 9, 5, 12, 91, 12, 7, 7349, 13, 3, 24, 
	19, 1, 12, 9, 19, 12, 20, 4, 12, 26, 13, 3, 19, 1, 12, 79, 
	13, 1, 22, 1, 12, 9, 13, 12, 9, 5, 12, 92, 12, 7, 7349, 13, 
	3, 24, 19, 1, 12, 9, 19, 12, 20, 5, 12, 26, 13, 3, 19, 1, 
	12, 79, 13, 1, 22, 1, 12, 9, 13, 12, 9, 5, 12, 93, 12, 7, 
	7349, 13, 3, 24, 19, 1, 12, 9, 19, 12, 20, 7, 12, 26, 13, 3, 
	19, 1, 12, 79, 13, 1, 22, 1, 12, 9, 13, 12, 9, 5, 12, 94, 
	12, 7, 7349, 13, 3, 24, 19, 1, 12, 9, 19, 12, 20, 8, 12, 26, 
	13, 3, 19, 1, 12, 79, 13, 1, 22, 1, 12, 9, 12, 12, 9, 4, 
	12, 95, 12, 7, 7349, 13, 3, 24, 19, 1, 12, 9, 19, 12, 20, 5, 
	12, 26, 13, 3, 19, 1, 12, 9, 20, 12, 9, 1, 12, 28, 13, 3, 
	19, 1, 12, 79, 13, 1, 22, 1, 12, 9, 12, 12, 9, 4, 12, 96, 
	12, 7, 7349, 13, 3, 24, 19, 1, 12, 9, 19, 12, 20, 5, 12, 26, 
	13, 3, 19, 1, 12, 9, 20, 12, 9, 0, 12, 28, 13, 3, 19, 1, 
	12, 79, 13, 1, 8, 
};

int ssl_code_table_size = 7877;
int ssl_rule_table_size = 80;
struct ssl_rule_table_struct ssl_rule_table[] = {
	{"Program",	2},
	{"UsesClause",	277},
	{"FindOrCompileUnit",	346},
	{"Unit",	433},
	{"UnitInterface",	627},
	{"UnitImplementation",	672},
	{"UnitInitialization",	682},
	{"UnitFinalization",	884},
	{"ProcHeaderDecl",	889},
	{"FuncHeaderDecl",	894},
	{"Block",	899},
	{"BlockDecls",	918},
	{"CheckForUndefinedMethods",	965},
	{"BlockStmt",	968},
	{"MethodModifiers",	1126},
	{"GetOrCreateInitCode",	1154},
	{"ExternalDecl",	1204},
	{"ProcDecl",	1266},
	{"FuncDecl",	1610},
	{"FormalArgDecl",	2015},
	{"ConstDecl",	2242},
	{"TypeDecl",	2314},
	{"VarDecl",	2373},
	{"TypeRef",	2603},
	{"ConstExpr",	3077},
	{"Expr",	3143},
	{"BooleanExprControlFlow",	3166},
	{"CFToVal",	3204},
	{"ValToCF",	3273},
	{"ExprAllowCF",	3304},
	{"BoolExprAllowCF",	3669},
	{"BoolTermAllowCF",	3849},
	{"BoolFactorAllowCF",	3987},
	{"ArithExprAllowCF",	4054},
	{"TermAllowCF",	4105},
	{"FactorAllowCF",	4156},
	{"PrimaryAllowCF",	4197},
	{"VarExpr",	4405},
	{"FetchVar",	5131},
	{"LValueIndexes",	5166},
	{"ArraySubscripts",	5194},
	{"RecordFieldRef",	5337},
	{"PointerDeref",	5435},
	{"CoerceType",	5469},
	{"DefineExternLabel",	5474},
	{"Call",	5557},
	{"Statement",	6146},
	{"AssignOrCallStmt",	6224},
	{"AssignStmt",	6280},
	{"Assign",	6298},
	{"AssignResultStmt",	6354},
	{"LValueExpr",	6468},
	{"LValueVar",	6504},
	{"IncVar",	6597},
	{"DecVar",	6621},
	{"IfStmt",	6645},
	{"ForStmt",	6711},
	{"RepeatStmt",	6885},
	{"WhileStmt",	6965},
	{"ContinueStmt",	7018},
	{"BreakStmt",	7050},
	{"BeginStmt",	7082},
	{"WritelnStmt",	7105},
	{"WriteStmt",	7112},
	{"ReadlnStmt",	7179},
	{"ReadStmt",	7182},
	{"ScopeLevel",	7185},
	{"DeclLevel",	7197},
	{"DeclUpLevels",	7217},
	{"MatchTypes",	7235},
	{"RequireIntPop",	7261},
	{"RequireInt",	7275},
	{"RequireBoolPop",	7288},
	{"RequireBool",	7302},
	{"newType",	7315},
	{"newIdent",	7349},
	{"PointerTypeTo",	7377},
	{"OrdinalLow",	7461},
	{"EmitValue",	7512},
	{"installBuiltIns",	7528},
};
