/* Automatically generated by ssl */

char ssl_title_string[] = "Schema 1.4 (boot) -- Database Schema Compiler -- April 21 '94";
char ssl_runtime_vrs[]  = "RT 2.0 - Variable stack - 08/27/93";

short ssl_code_table[] = {
	15, 1, 16, 0, 25, 7, 46, 6, 5, 0, 34, 0, 6, 2, 1, 6, 
	25, 8, 2, 2, 6, 13, 7, 59, 0, 17, 7, 67, 0, 13, 7, 72, 
	0, 9, 3, 28, 6, 27, 12, 26, 18, 11, 1, 36, 35, 8, 16, 0, 
	2, 22, 2, 2, 2, 23, 2, 2, 2, 24, 8, 16, 0, 26, 2, 2, 
	27, 29, 8, 16, 0, 26, 28, 8, 16, 0, 30, 10, 7, 0, 11, 5, 
	0, 0, 7, 2, 0, 6, 1, 10, 11, 31, 32, 6, 49, 9, 1, 12, 
	33, 13, 1, 0, 67, 9, 2, 12, 33, 13, 1, 0, 59, 9, 4, 12, 
	33, 13, 1, 0, 51, 9, 10, 12, 33, 13, 1, 0, 43, 9, 150, 12, 
	33, 13, 1, 0, 35, 9, 100, 12, 33, 13, 1, 0, 27, 12, 13, 10, 
	14, 20, 11, 30, 12, 40, 10, 42, 9, 44, 8, 46, 7, 48, 6, 50, 
	5, 52, 4, 62, 3, 72, 11, 6, 7, 2, 2, 2, 31, 0, 4, 1, 
	30, 8, 6, 46, 6, 27, 9, 1, 12, 34, 13, 1, 0, 30, 9, 4, 
	12, 34, 13, 1, 0, 22, 9, 2, 12, 34, 13, 1, 0, 14, 0, 12, 
	4, 29, 4, 17, 14, 16, 24, 15, 34, 0, 3, 1, 40, 2, 33, 0, 
	4, 1, 32, 47, 8, 
};

int ssl_code_table_size = 229;
int ssl_rule_table_size = 5;
struct ssl_rule_table_struct ssl_rule_table[] = {
	{"Schema",	2},
	{"schema_header",	46},
	{"class_derivation",	59},
	{"attribute_assignment",	67},
	{"attribute_definition",	72},
};
