SSL Translator 1.2.3 -- Mar 26 '91
1017

12
13
13
6
102
2
4
2
2
64
2
5
0
113
12
2
19
7
132
27
0
105
12
3
19
7
132
27
0
97
12
4
19
7
132
27
0
89
2
0
40
12
5
41
22
43
22
12
6
19
7
132
27
27
0
71
2
0
40
12
7
41
2
4
6
5
7
199
0
6
1
0
6
0
3
1
12
2
5
0
46
6
10
65
7
261
0
11
0
11
0
7
2
30
6
0
13
11
1
18
0
25
0
25
0
21
8
21
6
29
29
28
56
26
76
27
86
25
96
24
106
23
117
5
0
3
1
124
7
999
15
8
2
4
12
0
13
6
50
40
42
24
10
6
26
43
26
0
4
1
6
7
6
17
24
10
4
38
0
9
2
3
5
2
7
5
3
3
0
4
1
2
18
6
7
2
1
15
14
0
4
1
3
8
44
16
0
6
1
0
51
0
3
1
57
15
2
5
8
40
53
12
8
41
44
16
6
21
2
0
47
10
7
22
56
27
57
0
6
1
5
8
5
4
2
8
0
4
1
7
22
6
21
12
1
58
2
0
47
10
6
22
59
27
0
6
1
5
7
5
4
0
7
1
9
22
12
0
58
55
8
53
40
12
9
41
45
6
21
12
1
46
2
0
47
10
6
22
59
27
0
6
1
5
7
5
4
0
7
1
9
22
12
0
46
2
4
6
5
0
10
0
6
1
5
6
7
314
1
12
4
8
55
8
6
251
39
7
591
0
270
53
7
591
0
265
2
0
47
10
7
4
5
4
15
0
6
1
4
8
5
12
0
247
6
7
53
0
10
39
0
7
2
2
5
0
10
11
60
10
7
4
4
4
16
0
6
1
3
8
5
7
55
0
216
2
0
50
10
47
47
10
22
49
10
11
4
7
4
15
0
11
5
15
0
7
2
1
6
0
14
11
0
6
1
9
23
5
8
0
22
12
9
41
4
7
12
3
30
12
3
31
4
13
0
7
2
0
17
1
50
11
0
157
54
61
10
36
2
0
47
10
22
51
10
11
4
9
4
15
0
11
5
2
0
7
2
0
6
1
14
11
0
6
1
6
23
5
2
0
9
0
7
2
0
4
1
39
11
55
4
8
0
107
12
4
30
12
5
28
6
5
0
10
0
6
1
12
6
7
314
1
12
4
1
12
4
35
12
5
29
10
10
12
5
34
0
11
0
11
0
7
2
1
6
0
13
11
1
21
0
59
12
4
33
10
14
4
0
12
5
30
4
13
0
11
5
13
0
7
2
0
6
1
17
11
0
33
7
675
0
29
4
3
0
25
10
20
6
13
12
10
40
11
90
9
142
16
203
17
236
19
256
0
263
2
270
5
11
3
8
60
10
25
4
2
4
16
0
28
7
629
61
10
5
5
16
0
4
1
1
6
0
14
5
10
0
10
3
1
6
8
22
2
30
5
9
55
8
62
10
38
2
7
2
0
47
10
22
52
10
11
4
12
4
15
0
11
5
2
0
7
2
0
6
1
14
11
0
6
1
6
23
5
2
2
8
0
4
1
1
39
4
16
8
6
68
53
50
10
54
47
10
11
4
7
4
15
0
12
7
629
0
8
2
8
6
9
14
5
9
61
10
5
5
14
0
4
1
0
6
12
5
19
0
25
12
9
41
4
7
12
3
30
12
3
31
4
13
12
1
19
0
7
2
0
20
1
57
11
4
10
0
10
1
0
69
12
2
19
53
4
6
12
0
30
4
13
12
1
28
12
2
28
12
0
13
2
15
6
26
2
4
7
953
15
27
55
6
5
0
10
0
6
1
14
6
7
314
1
12
7
981
8
0
114
1
18
27
24
10
76
2
0
47
10
13
51
10
5
5
2
0
4
1
0
6
0
6
1
6
14
5
5
20
0
59
2
0
47
10
10
23
59
27
27
12
5
19
0
6
1
6
11
5
5
20
0
37
6
7
53
0
10
39
0
7
2
2
5
0
10
11
60
10
3
0
6
1
2
4
5
6
21
55
0
9
3
2
30
1
54
5
81
11
12
1
30
12
1
32
27
16
6
7
0
13
0
9
0
7
2
6
4
4
10
11
1
109
6
31
4
0
12
2
30
4
13
0
31
0
27
4
0
12
2
30
4
13
7
953
15
27
55
4
11
7
981
8
0
8
2
14
21
15
34
7
314
1
40
1
182
8
12
0
34
25
4
14
27
12
1
29
10
5
0
14
0
10
1
1
6
12
1
36
12
1
35
1
19
8
12
2
29
10
6
12
2
34
0
6
1
0
7
0
3
1
16
8
12
3
33
10
6
12
3
37
0
6
1
1
7
0
3
1
16
8
