/* Automatically generated by ssl */

char ssl_title_string[] = "SSL Translator 1.3.2 -- September 14 '93";
char ssl_runtime_vrs[]  = "RT 2.0 - Variable stack - 08/27/93";

int ssl_code_table[] = {
	15, 11, 16, 0, 7, 10, 25, 7, 72, 8, 16, 0, 23, 1, 12, 9, 
	0, 24, 23, 10, 12, 68, 13, 1, 23, 9, 12, 9, 0, 24, 23, 8, 
	12, 9, 0, 24, 23, 8, 12, 75, 13, 1, 23, 2, 12, 23, 3, 12, 
	76, 13, 2, 23, 5, 12, 9, 0, 24, 7, 126, 10, 3, 0, 6, 1, 
	1, 4, 0, 3, 1, 12, 70, 8, 16, 0, 23, 1, 12, 9, 1, 24, 
	20, 10, 12, 69, 13, 1, 26, 23, 5, 12, 32, 13, 1, 4, 15, 20, 
	5, 12, 29, 13, 1, 7, 126, 10, 3, 0, 6, 1, 1, 4, 0, 3, 
	1, 12, 7, 3220, 7, 3246, 70, 20, 10, 12, 77, 13, 1, 8, 16, 0, 
	20, 1, 10, 103, 6, 38, 7, 259, 0, 54, 7, 269, 0, 50, 7, 298, 
	0, 46, 7, 327, 0, 42, 7, 350, 0, 38, 7, 433, 0, 34, 7, 439, 
	0, 30, 7, 488, 0, 26, 9, 0, 8, 0, 21, 9, 22, 7, 31, 13, 
	29, 19, 30, 25, 27, 31, 28, 37, 26, 43, 25, 49, 24, 55, 11, 0, 
	48, 6, 18, 7, 244, 0, 34, 7, 433, 0, 30, 7, 488, 0, 26, 9, 
	0, 8, 0, 21, 9, 22, 7, 31, 13, 30, 19, 29, 25, 27, 27, 28, 
	29, 26, 31, 25, 33, 24, 35, 11, 0, 7, 2, 1, 43, 0, 106, 11, 
	9, 1, 8, 8, 16, 0, 6, 5, 0, 9, 0, 5, 1, 6, 6, 3, 
	1, 11, 8, 16, 0, 2, 5, 2, 2, 51, 2, 6, 8, 16, 1, 2, 
	5, 22, 1, 12, 9, 0, 24, 9, 8, 12, 22, 1, 12, 9, 1, 12, 
	20, 3, 12, 7, 506, 13, 4, 2, 6, 8, 16, 1, 2, 5, 22, 1, 
	12, 9, 0, 24, 9, 5, 12, 22, 1, 12, 9, 1, 12, 9, 0, 12, 
	7, 506, 13, 4, 2, 6, 8, 16, 0, 2, 5, 9, 6, 12, 23, 9, 
	12, 9, 0, 12, 9, 0, 12, 7, 506, 13, 4, 2, 6, 8, 16, 2, 
	2, 0, 22, 1, 12, 72, 13, 1, 10, 39, 22, 1, 12, 9, 7, 12, 
	54, 13, 1, 24, 19, 1, 12, 9, 3, 12, 38, 12, 56, 13, 3, 19, 
	1, 12, 71, 13, 1, 0, 16, 19, 1, 12, 7, 4026, 13, 1, 0, 7, 
	2, 1, 11, 0, 42, 11, 2, 5, 22, 2, 12, 9, 0, 24, 9, 8, 
	12, 22, 2, 12, 9, 0, 12, 19, 1, 12, 7, 506, 13, 4, 2, 6, 
	8, 16, 0, 2, 2, 53, 8, 16, 1, 2, 0, 22, 1, 12, 9, 9, 
	12, 54, 13, 1, 24, 19, 1, 12, 9, 3, 12, 38, 12, 56, 13, 3, 
	19, 1, 12, 71, 13, 1, 2, 5, 7, 1275, 10, 3, 0, 6, 1, 1, 
	4, 0, 3, 1, 12, 2, 6, 8, 16, 0, 7, 1390, 10, 3, 0, 6, 
	1, 1, 4, 0, 3, 1, 12, 2, 32, 8, 16, 2, 6, 140, 22, 1, 
	12, 17, 4, 12, 54, 13, 1, 24, 19, 1, 12, 9, 3, 12, 38, 12, 
	56, 13, 3, 17, 4, 10, 15, 19, 1, 12, 9, 5, 12, 17, 1, 12, 
	55, 13, 3, 0, 4, 1, 8, 16, 6, 20, 17, 2, 10, 9, 19, 1, 
	12, 39, 13, 1, 0, 6, 1, 1, 10, 5, 18, 0, 4, 1, 2, 21, 
	6, 43, 17, 3, 12, 22, 2, 12, 7, 3803, 13, 1, 24, 17, 1, 12, 
	19, 2, 12, 7, 4201, 13, 2, 10, 12, 0, 16, 19, 2, 12, 7, 4248, 
	13, 1, 0, 7, 2, 0, 11, 1, 15, 11, 0, 4, 1, 4, 44, 19, 
	1, 12, 9, 4, 12, 18, 3, 12, 56, 13, 3, 17, 3, 12, 32, 13, 
	1, 19, 1, 12, 71, 13, 1, 0, 6, 1, 0, 141, 0, 3, 1, 147, 
	8, 16, 3, 2, 0, 22, 1, 12, 17, 3, 12, 54, 13, 1, 24, 19, 
	1, 12, 9, 3, 12, 38, 12, 56, 13, 3, 19, 1, 12, 9, 5, 12, 
	17, 2, 12, 55, 13, 3, 17, 1, 12, 32, 13, 1, 19, 1, 12, 9, 
	10, 12, 18, 1, 12, 56, 13, 3, 73, 12, 61, 13, 1, 10, 5, 5, 
	20, 0, 4, 1, 0, 6, 19, 1, 12, 71, 13, 1, 6, 45, 17, 3, 
	10, 5, 5, 19, 0, 4, 1, 18, 6, 19, 1, 12, 22, 2, 12, 7, 
	3711, 13, 2, 4, 12, 22, 3, 12, 7, 3342, 13, 1, 19, 2, 12, 19, 
	3, 12, 7, 4214, 13, 2, 4, 24, 0, 4, 1, 4, 46, 6, 3, 0, 
	6, 1, 7, 4, 0, 3, 1, 132, 8, 16, 0, 9, 18, 12, 17, 1, 
	12, 23, 5, 12, 7, 657, 13, 3, 8, 16, 0, 9, 17, 12, 17, 1, 
	12, 23, 6, 12, 7, 657, 13, 3, 8, 16, 0, 2, 0, 6, 3, 0, 
	6, 1, 7, 4, 0, 3, 1, 12, 8, 16, 5, 6, 3, 0, 5, 1, 
	8, 4, 8, 22, 1, 12, 9, 0, 24, 22, 1, 12, 32, 13, 1, 6, 
	25, 22, 2, 12, 9, 14, 24, 0, 30, 22, 2, 12, 9, 15, 24, 0, 
	22, 22, 2, 12, 9, 16, 24, 0, 14, 3, 35, 10, 34, 20, 33, 30, 
	22, 2, 12, 9, 14, 24, 2, 0, 22, 4, 12, 7, 3946, 13, 1, 22, 
	3, 12, 19, 2, 12, 54, 13, 1, 24, 19, 3, 12, 9, 5, 12, 19, 
	4, 12, 55, 13, 3, 6, 14, 19, 3, 12, 9, 3, 12, 38, 12, 56, 
	13, 3, 0, 4, 1, 0, 15, 19, 3, 12, 71, 13, 1, 6, 3, 0, 
	6, 1, 7, 4, 0, 3, 1, 110, 2, 9, 22, 5, 12, 17, 1, 12, 
	9, 2, 12, 62, 13, 2, 24, 22, 3, 12, 19, 5, 12, 63, 13, 1, 
	24, 19, 3, 12, 61, 13, 1, 10, 3, 0, 6, 1, 0, 4, 0, 27, 
	19, 3, 12, 9, 10, 12, 19, 1, 12, 56, 13, 3, 22, 1, 12, 33, 
	13, 1, 22, 5, 12, 64, 13, 1, 1, 50, 8, 16, 6, 22, 6, 12, 
	17, 1, 12, 9, 2, 12, 62, 13, 2, 24, 6, 3, 0, 24, 1, 8, 
	4, 19, 6, 12, 63, 13, 1, 12, 61, 13, 1, 10, 3, 0, 6, 1, 
	1, 4, 5, 16, 8, 22, 1, 12, 19, 6, 12, 63, 13, 1, 24, 19, 
	1, 12, 61, 13, 1, 10, 7, 5, 16, 0, 9, 0, 7, 2, 0, 4, 
	1, 10, 11, 22, 2, 12, 19, 1, 12, 66, 13, 1, 24, 6, 25, 22, 
	3, 12, 9, 14, 24, 0, 30, 22, 3, 12, 9, 15, 24, 0, 22, 22, 
	3, 12, 9, 16, 24, 0, 14, 3, 35, 10, 34, 20, 33, 30, 22, 3, 
	12, 9, 14, 24, 19, 2, 12, 19, 3, 12, 36, 13, 2, 10, 3, 0, 
	6, 1, 1, 4, 5, 16, 22, 4, 12, 19, 1, 12, 9, 5, 12, 58, 
	13, 2, 24, 2, 0, 22, 5, 12, 7, 3946, 13, 1, 19, 4, 12, 19, 
	5, 12, 7, 4214, 13, 2, 6, 14, 19, 1, 12, 9, 3, 12, 38, 12, 
	56, 13, 3, 0, 16, 1, 0, 15, 19, 1, 12, 9, 3, 12, 9, 0, 
	12, 56, 13, 3, 22, 6, 12, 64, 13, 1, 6, 3, 0, 6, 1, 7, 
	4, 0, 3, 1, 175, 2, 9, 19, 6, 12, 63, 13, 1, 12, 61, 13, 
	1, 10, 3, 0, 6, 1, 1, 4, 5, 16, 8, 16, 3, 6, 3, 0, 
	7, 1, 0, 4, 9, 0, 8, 22, 1, 12, 9, 10, 12, 54, 13, 1, 
	24, 19, 1, 12, 9, 3, 12, 38, 12, 56, 13, 3, 19, 1, 12, 9, 
	4, 12, 20, 8, 12, 56, 13, 3, 23, 8, 12, 32, 13, 1, 22, 2, 
	12, 68, 13, 1, 19, 2, 12, 7, 841, 13, 1, 19, 1, 12, 9, 6, 
	12, 19, 2, 12, 55, 13, 3, 6, 24, 2, 0, 22, 3, 12, 7, 3946, 
	13, 1, 19, 1, 12, 9, 5, 12, 19, 3, 12, 55, 13, 3, 0, 4, 
	1, 10, 25, 70, 19, 1, 12, 71, 13, 1, 9, 1, 8, 8, 16, 1, 
	6, 10, 7, 433, 9, 1, 8, 0, 11, 0, 9, 2, 0, 4, 30, 13, 
	9, 0, 8, 22, 1, 12, 72, 13, 1, 10, 59, 7, 1502, 0, 61, 19, 
	1, 12, 66, 13, 1, 10, 35, 20, 1, 10, 14, 19, 1, 12, 7, 793, 
	13, 1, 0, 11, 7, 825, 0, 7, 2, 1, 6, 0, 17, 11, 0, 20, 
	19, 1, 12, 7, 1709, 13, 1, 0, 11, 2, 11, 11, 7, 38, 5, 13, 
	9, 1, 8, 0, 7, 2, 1, 56, 0, 62, 11, 9, 1, 8, 8, 16, 
	0, 6, 5, 0, 9, 0, 5, 1, 6, 6, 3, 1, 11, 8, 16, 3, 
	52, 22, 1, 12, 9, 11, 12, 54, 13, 1, 24, 19, 1, 12, 9, 3, 
	12, 38, 12, 56, 13, 3, 23, 4, 12, 19, 1, 24, 22, 2, 12, 68, 
	13, 1, 19, 2, 12, 7, 841, 13, 1, 19, 1, 12, 9, 6, 12, 19, 
	2, 12, 55, 13, 3, 6, 24, 2, 0, 22, 3, 12, 7, 3946, 13, 1, 
	19, 1, 12, 9, 5, 12, 19, 3, 12, 55, 13, 3, 0, 4, 1, 10, 
	25, 20, 1, 10, 23, 7, 1487, 0, 25, 6, 10, 19, 1, 12, 7, 1625, 
	13, 1, 0, 4, 1, 5, 11, 2, 6, 0, 7, 2, 1, 20, 0, 26, 
	11, 70, 19, 1, 12, 71, 13, 1, 8, 16, 1, 17, 1, 12, 9, 4, 
	12, 30, 12, 56, 13, 3, 17, 1, 12, 9, 8, 12, 9, 1, 12, 57, 
	13, 3, 22, 1, 12, 68, 13, 1, 23, 6, 12, 9, 0, 24, 4, 16, 
	23, 7, 12, 30, 24, 4, 25, 7, 1846, 10, 3, 0, 6, 1, 1, 4, 
	0, 3, 1, 12, 4, 8, 20, 7, 12, 20, 6, 12, 31, 13, 2, 70, 
	17, 1, 12, 9, 7, 12, 19, 1, 12, 55, 13, 3, 8, 16, 4, 17, 
	1, 12, 9, 8, 12, 60, 13, 2, 10, 6, 5, 14, 8, 0, 4, 1, 
	1, 7, 52, 23, 4, 12, 17, 1, 24, 22, 1, 12, 17, 1, 12, 9, 
	6, 12, 58, 13, 2, 24, 19, 1, 12, 69, 13, 1, 19, 1, 12, 7, 
	1035, 13, 1, 22, 3, 12, 17, 1, 12, 9, 5, 12, 58, 13, 2, 24, 
	6, 22, 2, 0, 22, 4, 12, 7, 3946, 13, 1, 19, 3, 12, 19, 4, 
	12, 7, 4214, 13, 2, 0, 14, 1, 10, 23, 19, 3, 12, 9, 0, 12, 
	7, 4214, 13, 2, 20, 1, 10, 23, 7, 1487, 0, 25, 6, 10, 17, 1, 
	12, 7, 1625, 13, 1, 0, 4, 1, 5, 11, 2, 6, 0, 7, 2, 1, 
	20, 0, 26, 11, 70, 8, 16, 4, 6, 355, 22, 1, 12, 40, 13, 1, 
	19, 1, 12, 7, 4044, 13, 1, 4, 2, 19, 1, 12, 7, 4290, 13, 1, 
	0, 355, 22, 1, 12, 74, 13, 1, 19, 1, 12, 66, 13, 1, 10, 44, 
	19, 1, 12, 7, 4144, 13, 1, 19, 1, 12, 7, 2232, 13, 1, 0, 42, 
	19, 1, 12, 7, 809, 13, 1, 0, 33, 19, 1, 12, 7, 4044, 13, 1, 
	4, 2, 19, 1, 12, 7, 4290, 13, 1, 0, 15, 3, 8, 20, 7, 31, 
	10, 49, 19, 1, 12, 7, 2811, 13, 1, 0, 282, 2, 0, 22, 1, 12, 
	7, 4010, 13, 1, 4, 5, 19, 1, 12, 7, 4290, 13, 1, 0, 262, 6, 
	25, 22, 1, 12, 7, 3978, 13, 1, 0, 22, 22, 1, 12, 40, 13, 1, 
	19, 1, 12, 7, 4072, 13, 1, 0, 7, 2, 2, 17, 0, 28, 11, 4, 
	4, 19, 1, 12, 7, 4290, 13, 1, 0, 219, 2, 0, 22, 1, 12, 72, 
	13, 1, 10, 28, 19, 1, 12, 7, 4126, 13, 1, 19, 1, 12, 7, 4144, 
	13, 1, 19, 1, 12, 7, 2457, 13, 1, 0, 11, 7, 2553, 0, 7, 2, 
	0, 6, 1, 31, 11, 0, 174, 22, 2, 12, 20, 4, 12, 9, 5, 12, 
	58, 13, 2, 24, 19, 2, 12, 61, 13, 1, 10, 3, 0, 21, 1, 1, 
	4, 22, 3, 12, 7, 3342, 13, 1, 19, 2, 12, 19, 3, 12, 7, 4214, 
	13, 2, 4, 8, 0, 127, 22, 4, 12, 68, 13, 1, 9, 4, 12, 43, 
	13, 1, 9, 5, 12, 41, 13, 1, 7, 1846, 10, 3, 0, 6, 1, 1, 
	4, 0, 3, 1, 12, 2, 13, 4, 1, 9, 4, 12, 48, 13, 1, 9, 
	5, 12, 42, 13, 1, 10, 9, 9, 5, 12, 47, 13, 1, 0, 6, 1, 
	0, 10, 0, 3, 1, 22, 70, 0, 60, 9, 4, 12, 46, 13, 1, 10, 
	5, 5, 7, 0, 4, 1, 0, 6, 4, 0, 9, 5, 12, 43, 13, 1, 
	4, 25, 0, 33, 4, 3, 0, 29, 7, 2847, 0, 25, 10, 14, 6, 21, 
	12, 11, 41, 12, 110, 10, 159, 17, 206, 18, 251, 20, 273, 0, 348, 2, 
	374, 9, 0, 8, 9, 1, 8, 8, 16, 1, 22, 1, 12, 17, 1, 12, 
	7, 2279, 13, 1, 24, 17, 1, 12, 7, 4290, 13, 1, 19, 1, 12, 35, 
	13, 1, 10, 13, 0, 17, 4, 13, 19, 1, 12, 29, 13, 1, 0, 7, 
	2, 0, 12, 1, 16, 11, 8, 16, 6, 22, 2, 12, 17, 1, 12, 9, 
	6, 12, 58, 13, 2, 24, 22, 6, 12, 19, 2, 12, 9, 2, 12, 62, 
	13, 2, 24, 22, 3, 12, 19, 6, 12, 63, 13, 1, 24, 19, 3, 12, 
	61, 13, 1, 10, 8, 9, 0, 8, 0, 9, 0, 7, 2, 0, 4, 1, 
	11, 11, 22, 1, 12, 9, 0, 24, 2, 8, 22, 1, 12, 32, 13, 1, 
	22, 4, 12, 19, 3, 12, 9, 5, 12, 58, 13, 2, 24, 19, 3, 12, 
	66, 13, 1, 10, 19, 22, 5, 12, 7, 3342, 13, 1, 0, 18, 22, 5, 
	12, 7, 3638, 13, 1, 0, 9, 3, 16, 11, 15, 13, 14, 24, 11, 19, 
	4, 12, 19, 5, 12, 7, 4214, 13, 2, 4, 12, 22, 6, 12, 64, 13, 
	1, 22, 3, 12, 19, 6, 12, 63, 13, 1, 24, 19, 3, 12, 61, 13, 
	1, 10, 7, 0, 15, 0, 9, 0, 7, 2, 0, 4, 1, 10, 11, 2, 
	7, 1, 104, 2, 9, 19, 1, 8, 8, 16, 1, 22, 1, 12, 17, 1, 
	12, 7, 2279, 13, 1, 24, 17, 1, 12, 9, 8, 12, 60, 13, 2, 10, 
	40, 4, 7, 17, 1, 12, 7, 4290, 13, 1, 0, 35, 4, 7, 9, 3, 
	12, 43, 13, 1, 9, 3, 12, 17, 1, 12, 9, 3, 12, 59, 13, 2, 
	12, 44, 13, 2, 4, 25, 0, 7, 2, 0, 30, 1, 43, 11, 19, 1, 
	12, 35, 13, 1, 10, 13, 0, 17, 4, 13, 19, 1, 12, 29, 13, 1, 
	0, 7, 2, 0, 12, 1, 16, 11, 8, 16, 8, 20, 10, 12, 69, 13, 
	1, 22, 1, 12, 9, 11, 12, 54, 13, 1, 24, 22, 5, 12, 38, 24, 
	19, 1, 12, 9, 3, 12, 19, 5, 12, 56, 13, 3, 19, 1, 12, 9, 
	8, 12, 9, 0, 12, 57, 13, 3, 22, 2, 12, 68, 13, 1, 19, 1, 
	12, 9, 6, 12, 19, 2, 12, 55, 13, 3, 22, 6, 12, 9, 0, 24, 
	6, 134, 22, 3, 12, 7, 3342, 13, 1, 4, 12, 22, 4, 12, 9, 14, 
	12, 54, 13, 1, 24, 19, 4, 12, 9, 5, 12, 19, 3, 12, 55, 13, 
	3, 19, 4, 12, 71, 13, 1, 22, 6, 12, 32, 13, 1, 6, 3, 0, 
	6, 1, 7, 4, 0, 3, 1, 53, 2, 9, 22, 7, 12, 19, 6, 24, 
	22, 8, 12, 19, 2, 12, 9, 2, 12, 62, 13, 2, 24, 22, 4, 12, 
	19, 8, 12, 63, 13, 1, 24, 19, 4, 12, 61, 13, 1, 10, 7, 0, 
	37, 0, 9, 0, 7, 2, 0, 4, 1, 10, 11, 19, 4, 12, 9, 10, 
	12, 19, 7, 12, 56, 13, 3, 22, 7, 12, 33, 13, 1, 22, 8, 12, 
	64, 13, 1, 1, 55, 0, 4, 1, 8, 135, 70, 19, 1, 12, 71, 13, 
	1, 70, 4, 7, 9, 3, 12, 43, 13, 1, 9, 3, 12, 19, 5, 12, 
	44, 13, 2, 4, 25, 19, 6, 12, 35, 13, 1, 10, 3, 0, 12, 1, 
	1, 4, 4, 13, 19, 6, 12, 29, 13, 1, 8, 16, 2, 17, 1, 12, 
	22, 1, 12, 7, 3711, 13, 2, 4, 12, 2, 4, 22, 2, 12, 7, 3342, 
	13, 1, 19, 1, 12, 19, 2, 12, 7, 4214, 13, 2, 4, 24, 8, 16, 
	7, 6, 11, 4, 6, 22, 2, 12, 9, 2, 24, 0, 45, 1, 16, 12, 
	22, 3, 12, 7, 3342, 13, 1, 4, 10, 19, 3, 12, 61, 13, 1, 10, 
	17, 22, 2, 12, 9, 1, 24, 0, 15, 22, 2, 12, 9, 5, 24, 0, 
	7, 2, 0, 10, 1, 20, 11, 2, 16, 9, 0, 12, 43, 13, 1, 4, 
	25, 9, 1, 12, 41, 13, 1, 9, 2, 12, 41, 13, 1, 22, 1, 12, 
	9, 0, 24, 6, 37, 2, 5, 19, 1, 12, 7, 3150, 13, 1, 22, 6, 
	12, 68, 13, 1, 7, 1846, 10, 3, 0, 6, 1, 1, 4, 0, 3, 1, 
	12, 70, 2, 15, 7, 3194, 8, 0, 115, 1, 19, 38, 19, 2, 10, 63, 
	22, 7, 12, 22, 4, 12, 7, 3803, 13, 1, 24, 19, 3, 12, 19, 4, 
	12, 7, 4214, 13, 2, 0, 48, 22, 7, 12, 22, 3, 12, 7, 3803, 13, 
	1, 24, 22, 2, 12, 9, 5, 24, 0, 29, 22, 7, 12, 22, 4, 12, 
	7, 3803, 13, 1, 24, 19, 4, 12, 7, 4269, 13, 1, 0, 9, 3, 2, 
	22, 1, 43, 5, 68, 11, 9, 1, 12, 43, 13, 1, 9, 1, 12, 19, 
	7, 12, 44, 13, 2, 22, 1, 12, 32, 13, 1, 6, 7, 0, 13, 0, 
	9, 0, 7, 2, 7, 4, 5, 10, 11, 1, 110, 22, 6, 12, 68, 13, 
	1, 7, 1846, 10, 3, 0, 6, 1, 1, 4, 0, 3, 1, 12, 70, 6, 
	37, 4, 0, 9, 2, 12, 43, 13, 1, 4, 25, 19, 1, 12, 7, 3150, 
	13, 1, 4, 11, 7, 3194, 8, 0, 19, 4, 0, 9, 2, 12, 43, 13, 
	1, 4, 25, 0, 7, 2, 16, 14, 15, 40, 11, 1, 217, 8, 16, 0, 
	9, 0, 12, 47, 13, 1, 17, 1, 12, 29, 13, 1, 9, 1, 12, 42, 
	13, 1, 10, 15, 9, 1, 12, 49, 13, 1, 9, 1, 12, 48, 13, 1, 
	0, 6, 1, 0, 16, 0, 3, 1, 28, 8, 16, 0, 9, 2, 12, 42, 
	13, 1, 10, 9, 9, 2, 12, 47, 13, 1, 0, 6, 1, 0, 10, 0, 
	3, 1, 22, 8, 16, 0, 9, 3, 12, 46, 13, 1, 10, 9, 9, 3, 
	12, 50, 13, 1, 0, 6, 1, 1, 10, 0, 3, 1, 22, 8, 16, 2, 
	22, 1, 12, 20, 10, 12, 9, 2, 12, 62, 13, 2, 24, 22, 2, 12, 
	19, 1, 12, 63, 13, 1, 24, 19, 2, 12, 61, 13, 1, 10, 7, 0, 
	61, 0, 9, 0, 7, 2, 0, 4, 1, 10, 11, 19, 2, 12, 66, 13, 
	1, 10, 32, 19, 2, 12, 9, 8, 12, 60, 13, 2, 10, 16, 19, 2, 
	12, 9, 3, 12, 59, 13, 2, 12, 28, 13, 1, 0, 4, 1, 0, 17, 
	0, 4, 1, 11, 33, 22, 1, 12, 64, 13, 1, 1, 79, 8, 16, 1, 
	6, 282, 22, 1, 12, 72, 13, 1, 10, 158, 19, 1, 12, 66, 13, 1, 
	10, 91, 9, 0, 12, 27, 13, 1, 19, 1, 12, 7, 2457, 13, 1, 0, 
	95, 19, 1, 12, 7, 2232, 13, 1, 0, 86, 4, 9, 19, 1, 12, 7, 
	4290, 13, 1, 0, 75, 4, 17, 19, 1, 12, 7, 4306, 13, 1, 0, 64, 
	4, 18, 19, 1, 12, 7, 4306, 13, 1, 0, 53, 4, 18, 19, 1, 12, 
	7, 4306, 13, 1, 0, 42, 4, 19, 19, 1, 12, 7, 4306, 13, 1, 0, 
	31, 4, 20, 19, 1, 12, 7, 4306, 13, 1, 0, 20, 8, 18, 13, 17, 
	26, 16, 39, 15, 52, 14, 65, 8, 78, 10, 89, 11, 106, 5, 11, 17, 
	1, 12, 19, 1, 12, 9, 5, 12, 58, 13, 2, 24, 18, 1, 12, 61, 
	13, 1, 10, 5, 5, 10, 0, 4, 1, 1, 6, 0, 17, 17, 1, 12, 
	9, 0, 24, 5, 17, 0, 7, 2, 0, 12, 1, 161, 11, 0, 119, 2, 
	0, 22, 1, 12, 72, 13, 1, 10, 55, 19, 1, 12, 7, 4126, 13, 1, 
	19, 1, 12, 7, 2457, 13, 1, 17, 1, 12, 19, 1, 12, 9, 5, 12, 
	58, 13, 2, 24, 18, 1, 12, 61, 13, 1, 10, 5, 5, 10, 0, 4, 
	1, 1, 6, 0, 17, 7, 2553, 17, 1, 12, 9, 0, 24, 0, 7, 2, 
	0, 12, 1, 58, 11, 0, 47, 2, 1, 4, 9, 37, 12, 34, 13, 1, 
	12, 29, 13, 1, 17, 1, 12, 20, 2, 24, 0, 26, 4, 9, 37, 12, 
	29, 13, 1, 17, 1, 12, 20, 2, 24, 0, 11, 4, 1, 17, 3, 40, 
	17, 114, 0, 289, 11, 8, 16, 1, 6, 61, 22, 1, 12, 72, 13, 1, 
	10, 23, 19, 1, 12, 17, 1, 12, 7, 3711, 13, 2, 0, 17, 17, 1, 
	12, 9, 0, 24, 5, 12, 0, 7, 2, 0, 12, 1, 26, 11, 0, 31, 
	2, 1, 17, 1, 12, 9, 0, 24, 5, 12, 0, 19, 17, 1, 12, 9, 
	0, 24, 5, 12, 0, 9, 3, 1, 12, 3, 26, 0, 66, 11, 8, 16, 
	0, 17, 2, 12, 66, 13, 1, 10, 56, 4, 21, 17, 2, 12, 7, 4306, 
	13, 1, 0, 58, 4, 17, 17, 2, 12, 7, 4306, 13, 1, 0, 47, 4, 
	17, 17, 2, 12, 7, 4306, 13, 1, 0, 36, 4, 22, 17, 2, 12, 7, 
	4306, 13, 1, 0, 25, 4, 23, 17, 2, 12, 7, 4306, 13, 1, 0, 14, 
	5, 18, 13, 17, 26, 16, 39, 15, 52, 14, 65, 5, 12, 17, 1, 12, 
	17, 2, 12, 9, 5, 12, 58, 13, 2, 24, 8, 16, 2, 6, 102, 22, 
	1, 12, 7, 3994, 13, 1, 22, 2, 12, 19, 1, 12, 9, 4, 12, 59, 
	13, 2, 24, 17, 1, 12, 19, 1, 12, 9, 5, 12, 58, 13, 2, 24, 
	0, 77, 2, 1, 22, 2, 12, 37, 12, 34, 13, 1, 24, 17, 1, 12, 
	20, 2, 24, 0, 58, 22, 2, 12, 37, 24, 17, 1, 12, 20, 2, 24, 
	0, 45, 22, 1, 12, 40, 13, 1, 22, 2, 12, 19, 1, 12, 9, 4, 
	12, 59, 13, 2, 24, 17, 1, 12, 19, 1, 12, 9, 5, 12, 58, 13, 
	2, 24, 0, 11, 4, 2, 36, 1, 51, 3, 72, 0, 109, 11, 19, 2, 
	8, 8, 16, 2, 22, 2, 12, 22, 1, 12, 7, 3803, 13, 1, 24, 19, 
	1, 12, 7, 4248, 13, 1, 19, 2, 8, 8, 16, 0, 17, 1, 12, 74, 
	13, 1, 18, 1, 12, 7, 4026, 13, 1, 8, 16, 0, 17, 1, 12, 74, 
	13, 1, 18, 1, 12, 7, 4044, 13, 1, 8, 16, 0, 17, 1, 12, 74, 
	13, 1, 18, 1, 12, 7, 4072, 13, 1, 8, 16, 0, 17, 1, 12, 74, 
	13, 1, 18, 1, 12, 7, 4090, 13, 1, 8, 16, 0, 17, 1, 12, 74, 
	13, 1, 18, 1, 12, 7, 4108, 13, 1, 8, 16, 0, 17, 1, 12, 66, 
	13, 1, 10, 3, 0, 6, 1, 7, 4, 5, 1, 8, 16, 0, 17, 1, 
	12, 9, 5, 12, 58, 13, 2, 12, 20, 3, 12, 67, 13, 2, 10, 3, 
	0, 6, 1, 1, 4, 5, 3, 8, 16, 0, 17, 1, 12, 66, 13, 1, 
	10, 3, 0, 6, 1, 5, 4, 5, 4, 8, 16, 0, 17, 1, 12, 66, 
	13, 1, 10, 3, 0, 6, 1, 8, 4, 5, 2, 8, 16, 0, 17, 1, 
	12, 66, 13, 1, 10, 3, 0, 6, 1, 6, 4, 5, 6, 8, 16, 0, 
	17, 1, 12, 66, 13, 1, 10, 3, 0, 6, 1, 11, 4, 5, 5, 8, 
	16, 0, 17, 1, 12, 9, 5, 12, 58, 13, 2, 12, 61, 13, 1, 10, 
	9, 9, 1, 12, 27, 13, 1, 0, 4, 1, 0, 10, 8, 16, 0, 17, 
	2, 12, 9, 5, 12, 58, 13, 2, 12, 17, 1, 12, 67, 13, 2, 10, 
	3, 0, 6, 1, 1, 4, 5, 0, 8, 16, 0, 17, 2, 12, 17, 1, 
	12, 67, 13, 2, 8, 8, 16, 0, 17, 2, 12, 17, 1, 12, 67, 13, 
	2, 10, 3, 0, 6, 1, 1, 4, 5, 0, 8, 16, 0, 17, 1, 12, 
	20, 2, 12, 67, 13, 2, 8, 8, 16, 0, 17, 1, 12, 20, 2, 12, 
	67, 13, 2, 10, 3, 0, 6, 1, 1, 4, 5, 0, 8, 16, 0, 17, 
	1, 12, 20, 3, 12, 67, 13, 2, 10, 3, 0, 6, 1, 1, 4, 5, 
	3, 8, 16, 0, 17, 1, 12, 9, 4, 12, 59, 13, 2, 12, 29, 13, 
	1, 8, 16, 0, 17, 1, 12, 9, 10, 12, 59, 13, 2, 12, 29, 13, 
	1, 8, 
};

int ssl_code_table_size = 4322;
int ssl_rule_table_size = 62;
struct ssl_rule_table_struct ssl_rule_table[] = {
	{"ProcessSSL",	2},
	{"CollectDefinitions",	10},
	{"CodeGeneration",	72},
	{"Section",	126},
	{"SkipSection",	244},
	{"Title",	259},
	{"Input",	269},
	{"Output",	298},
	{"Error",	327},
	{"Type",	350},
	{"Include",	433},
	{"Mechanism",	439},
	{"Rules",	488},
	{"ValueList",	506},
	{"DeclareVariables",	657},
	{"DeclareGlobals",	793},
	{"DeclareLocals",	809},
	{"SkipGlobals",	825},
	{"FormalParamDefinition",	841},
	{"FormalParamRedefinition",	1035},
	{"OperationDefinition",	1275},
	{"RuleSectionDefinition",	1390},
	{"SkipRule",	1487},
	{"RuleDefinition",	1502},
	{"RuleBodyDefinition",	1625},
	{"RuleRedefinition",	1709},
	{"Statement",	1846},
	{"CallOperation",	2232},
	{"ActualParams",	2279},
	{"CallRule",	2457},
	{"CallUndefinedRule",	2553},
	{"Assignment",	2811},
	{"Choice",	2847},
	{"CopyChoiceTable",	3150},
	{"FixChoiceExits",	3194},
	{"FixForwardCalls",	3220},
	{"VerifyAllRulesDeclared",	3246},
	{"Expr",	3342},
	{"Lvalue",	3638},
	{"Lvalue_HaveIdent",	3711},
	{"Const",	3803},
	{"IntConst",	3922},
	{"LookupType",	3946},
	{"LookupInput",	3962},
	{"LookupOutput",	3978},
	{"LookupValue",	3994},
	{"LookupError",	4010},
	{"RequireType",	4026},
	{"RequireInput",	4044},
	{"RequireOutput",	4072},
	{"RequireValue",	4090},
	{"RequireError",	4108},
	{"RequireRule",	4126},
	{"RequireNoType",	4144},
	{"RequireMatchValueType",	4173},
	{"MatchType",	4201},
	{"RequireMatchType",	4214},
	{"MatchIntType",	4235},
	{"RequireMatchIntType",	4248},
	{"RequireMatchTokenType",	4269},
	{"EmitValue",	4290},
	{"EmitAddr",	4306},
};
